index,Time,GEN,CU
G0090,1,0.0,0.0
G0090,2,0.0,0.0
G0090,3,0.0,0.0
G0090,4,0.0,0.0
G0090,5,0.0,0.0
G0090,6,0.0,0.0
G0090,7,0.0,0.0
G0090,8,0.0,0.0
G0090,9,0.0,0.0
G0090,10,0.0,0.0
G0090,11,0.0,0.0
G0090,12,0.0,0.0
G0090,13,0.0,0.0
G0090,14,0.0,0.0
G0090,15,0.0,0.0
G0090,16,0.0,0.0
G0090,17,0.0,0.0
G0090,18,0.0,0.0
G0090,19,0.0,0.0
G0090,20,0.0,0.0
G0090,21,0.0,0.0
G0090,22,0.0,0.0
G0090,23,0.0,0.0
G0090,24,0.0,0.0
G0190,1,0.0,0.0
G0190,2,0.0,0.0
G0190,3,0.0,0.0
G0190,4,0.0,0.0
G0190,5,0.0,0.0
G0190,6,0.0,0.0
G0190,7,0.0,0.0
G0190,8,0.0,0.0
G0190,9,0.0,0.0
G0190,10,0.0,0.0
G0190,11,0.0,0.0
G0190,12,0.0,0.0
G0190,13,0.0,0.0
G0190,14,0.0,0.0
G0190,15,0.0,0.0
G0190,16,0.0,0.0
G0190,17,0.0,0.0
G0190,18,0.0,0.0
G0190,19,0.0,0.0
G0190,20,0.0,0.0
G0190,21,0.0,0.0
G0190,22,0.0,0.0
G0190,23,0.0,0.0
G0190,24,0.0,0.0
G0315,1,0.0,0.0
G0315,2,0.0,0.0
G0315,3,0.0,0.0
G0315,4,0.0,0.0
G0315,5,0.0,0.0
G0315,6,0.0,0.0
G0315,7,0.0,0.0
G0315,8,0.0,0.0
G0315,9,0.0,0.0
G0315,10,0.0,0.0
G0315,11,0.0,0.0
G0315,12,0.0,0.0
G0315,13,0.0,0.0
G0315,14,0.0,0.0
G0315,15,0.0,0.0
G0315,16,0.0,0.0
G0315,17,0.0,0.0
G0315,18,0.0,0.0
G0315,19,0.0,0.0
G0315,20,0.0,0.0
G0315,21,0.0,0.0
G0315,22,0.0,0.0
G0315,23,0.0,0.0
G0315,24,0.0,0.0
G0443,1,0.0,0.0
G0443,2,0.0,0.0
G0443,3,0.0,0.0
G0443,4,0.0,0.0
G0443,5,0.0,0.0
G0443,6,0.0,0.0
G0443,7,0.0,0.0
G0443,8,0.0,0.0
G0443,9,0.0,0.0
G0443,10,0.0,0.0
G0443,11,0.0,0.0
G0443,12,0.0,0.0
G0443,13,0.0,0.0
G0443,14,0.0,0.0
G0443,15,0.0,0.0
G0443,16,0.0,0.0
G0443,17,0.0,0.0
G0443,18,0.0,0.0
G0443,19,0.0,0.0
G0443,20,0.0,0.0
G0443,21,0.0,0.0
G0443,22,0.0,0.0
G0443,23,0.0,0.0
G0443,24,0.0,0.0
G0445,1,0.0,0.0
G0445,2,0.0,0.0
G0445,3,0.0,0.0
G0445,4,0.0,0.0
G0445,5,0.0,0.0
G0445,6,0.0,0.0
G0445,7,0.0,0.0
G0445,8,0.0,0.0
G0445,9,0.0,0.0
G0445,10,0.0,0.0
G0445,11,0.0,0.0
G0445,12,0.0,0.0
G0445,13,0.0,0.0
G0445,14,0.0,0.0
G0445,15,0.0,0.0
G0445,16,0.0,0.0
G0445,17,0.0,0.0
G0445,18,0.0,0.0
G0445,19,0.0,0.0
G0445,20,0.0,0.0
G0445,21,0.0,0.0
G0445,22,0.0,0.0
G0445,23,0.0,0.0
G0445,24,0.0,0.0
G0455,1,0.0,0.0
G0455,2,0.0,0.0
G0455,3,0.0,0.0
G0455,4,0.0,0.0
G0455,5,0.0,0.0
G0455,6,0.0,0.0
G0455,7,0.0,0.0
G0455,8,0.0,0.0
G0455,9,0.0,0.0
G0455,10,0.0,0.0
G0455,11,0.0,0.0
G0455,12,0.0,0.0
G0455,13,0.0,0.0
G0455,14,0.0,0.0
G0455,15,0.0,0.0
G0455,16,0.0,0.0
G0455,17,0.0,0.0
G0455,18,0.0,0.0
G0455,19,0.0,0.0
G0455,20,0.0,0.0
G0455,21,0.0,0.0
G0455,22,0.0,0.0
G0455,23,0.0,0.0
G0455,24,0.0,0.0
G0567,1,0.0,0.0
G0567,2,0.0,0.0
G0567,3,0.0,0.0
G0567,4,0.0,0.0
G0567,5,0.0,0.0
G0567,6,0.0,0.0
G0567,7,0.0,0.0
G0567,8,0.0,0.0
G0567,9,0.0,0.0
G0567,10,0.0,0.0
G0567,11,0.0,0.0
G0567,12,0.0,0.0
G0567,13,0.0,0.0
G0567,14,0.0,0.0
G0567,15,0.0,0.0
G0567,16,0.0,0.0
G0567,17,0.0,0.0
G0567,18,0.0,0.0
G0567,19,0.0,0.0
G0567,20,0.0,0.0
G0567,21,0.0,0.0
G0567,22,0.0,0.0
G0567,23,0.0,0.0
G0567,24,0.0,0.0
G0704,1,0.0,0.0
G0704,2,0.0,0.0
G0704,3,0.0,0.0
G0704,4,0.0,0.0
G0704,5,0.0,0.0
G0704,6,0.0,0.0
G0704,7,0.0,0.0
G0704,8,0.0,0.0
G0704,9,0.0,0.0
G0704,10,0.0,0.0
G0704,11,0.0,0.0
G0704,12,0.0,0.0
G0704,13,0.0,0.0
G0704,14,0.0,0.0
G0704,15,0.0,0.0
G0704,16,0.0,0.0
G0704,17,0.0,0.0
G0704,18,0.0,0.0
G0704,19,0.0,0.0
G0704,20,0.0,0.0
G0704,21,0.0,0.0
G0704,22,0.0,0.0
G0704,23,0.0,0.0
G0704,24,0.0,0.0
G0746,1,0.0,0.0
G0746,2,0.0,0.0
G0746,3,0.0,0.0
G0746,4,0.0,0.0
G0746,5,0.0,0.0
G0746,6,0.0,0.0
G0746,7,0.0,0.0
G0746,8,0.0,0.0
G0746,9,0.0,0.0
G0746,10,0.0,0.0
G0746,11,0.0,0.0
G0746,12,0.0,0.0
G0746,13,0.0,0.0
G0746,14,0.0,0.0
G0746,15,0.0,0.0
G0746,16,0.0,0.0
G0746,17,0.0,0.0
G0746,18,0.0,0.0
G0746,19,0.0,0.0
G0746,20,0.0,0.0
G0746,21,0.0,0.0
G0746,22,0.0,0.0
G0746,23,0.0,0.0
G0746,24,0.0,0.0
G0845,1,0.0,0.0
G0845,2,0.0,0.0
G0845,3,0.0,0.0
G0845,4,0.0,0.0
G0845,5,0.0,0.0
G0845,6,0.0,0.0
G0845,7,0.0,0.0
G0845,8,0.0,0.0
G0845,9,0.0,0.0
G0845,10,0.0,0.0
G0845,11,0.0,0.0
G0845,12,0.0,0.0
G0845,13,0.0,0.0
G0845,14,0.0,0.0
G0845,15,0.0,0.0
G0845,16,0.0,0.0
G0845,17,0.0,0.0
G0845,18,0.0,0.0
G0845,19,0.0,0.0
G0845,20,0.0,0.0
G0845,21,0.0,0.0
G0845,22,0.0,0.0
G0845,23,0.0,0.0
G0845,24,0.0,0.0
G0846,1,0.0,0.0
G0846,2,0.0,0.0
G0846,3,0.0,0.0
G0846,4,0.0,0.0
G0846,5,0.0,0.0
G0846,6,0.0,0.0
G0846,7,0.0,0.0
G0846,8,0.0,0.0
G0846,9,0.0,0.0
G0846,10,0.0,0.0
G0846,11,0.0,0.0
G0846,12,0.0,0.0
G0846,13,0.0,0.0
G0846,14,0.0,0.0
G0846,15,0.0,0.0
G0846,16,0.0,0.0
G0846,17,0.0,0.0
G0846,18,0.0,0.0
G0846,19,0.0,0.0
G0846,20,0.0,0.0
G0846,21,0.0,0.0
G0846,22,0.0,0.0
G0846,23,0.0,0.0
G0846,24,0.0,0.0
G0039,1,366.0,0.0
G0039,2,366.0,0.0
G0039,3,366.0,0.0
G0039,4,366.0,0.0
G0039,5,366.0,0.0
G0039,6,366.0,0.0
G0039,7,366.0,0.0
G0039,8,366.0,0.0
G0039,9,366.0,0.0
G0039,10,366.0,0.0
G0039,11,294.08268728297753,0.0
G0039,12,277.8757834520502,0.0
G0039,13,347.5982717989141,0.0
G0039,14,366.0,0.0
G0039,15,366.0,0.0
G0039,16,366.0,0.0
G0039,17,366.0,0.0
G0039,18,366.0,0.0
G0039,19,366.0,0.0
G0039,20,366.0,0.0
G0039,21,366.0,0.0
G0039,22,366.0,0.0
G0039,23,366.0,0.0
G0039,24,366.0,0.0
G0040,1,369.0,0.0
G0040,2,369.0,0.0
G0040,3,369.0,0.0
G0040,4,369.0,0.0
G0040,5,369.0,0.0
G0040,6,369.0,0.0
G0040,7,369.0,0.0
G0040,8,369.0,0.0
G0040,9,369.0,0.0
G0040,10,369.0,0.0
G0040,11,369.0,0.0
G0040,12,369.0,0.0
G0040,13,369.0,0.0
G0040,14,369.0,0.0
G0040,15,369.0,0.0
G0040,16,369.0,0.0
G0040,17,369.0,0.0
G0040,18,369.0,0.0
G0040,19,369.0,0.0
G0040,20,369.0,0.0
G0040,21,369.0,0.0
G0040,22,369.0,0.0
G0040,23,369.0,0.0
G0040,24,369.0,0.0
G0058,1,556.0,0.0
G0058,2,556.0,0.0
G0058,3,556.0,0.0
G0058,4,556.0,0.0
G0058,5,556.0,0.0
G0058,6,556.0,0.0
G0058,7,556.0,0.0
G0058,8,556.0,0.0
G0058,9,556.0,0.0
G0058,10,556.0,0.0
G0058,11,556.0,0.0
G0058,12,556.0,0.0
G0058,13,556.0,0.0
G0058,14,556.0,0.0
G0058,15,556.0,0.0
G0058,16,556.0,0.0
G0058,17,556.0,0.0
G0058,18,556.0,0.0
G0058,19,556.0,0.0
G0058,20,556.0,0.0
G0058,21,556.0,0.0
G0058,22,556.0,0.0
G0058,23,556.0,0.0
G0058,24,556.0,0.0
G0059,1,360.0,0.0
G0059,2,360.0,0.0
G0059,3,360.0,0.0
G0059,4,360.0,0.0
G0059,5,360.0,0.0
G0059,6,360.0,0.0
G0059,7,360.0,0.0
G0059,8,360.0,0.0
G0059,9,360.0,0.0
G0059,10,360.0,0.0
G0059,11,0.0,0.0
G0059,12,360.0,0.0
G0059,13,360.0,0.0
G0059,14,360.0,0.0
G0059,15,360.0,0.0
G0059,16,360.0,0.0
G0059,17,360.0,0.0
G0059,18,360.0,0.0
G0059,19,360.0,0.0
G0059,20,360.0,0.0
G0059,21,360.0,0.0
G0059,22,360.0,0.0
G0059,23,360.0,0.0
G0059,24,360.0,0.0
G0109,1,589.0,0.0
G0109,2,589.0,0.0
G0109,3,589.0,0.0
G0109,4,589.0,0.0
G0109,5,589.0,0.0
G0109,6,589.0,0.0
G0109,7,589.0,0.0
G0109,8,589.0,0.0
G0109,9,589.0,0.0
G0109,10,589.0,0.0
G0109,11,589.0,0.0
G0109,12,589.0,0.0
G0109,13,0.0,0.0
G0109,14,589.0,0.0
G0109,15,589.0,0.0
G0109,16,589.0,0.0
G0109,17,589.0,0.0
G0109,18,589.0,0.0
G0109,19,589.0,0.0
G0109,20,589.0,0.0
G0109,21,589.0,0.0
G0109,22,589.0,0.0
G0109,23,589.0,0.0
G0109,24,589.0,0.0
G0204,1,130.0,0.0
G0204,2,130.0,0.0
G0204,3,130.0,0.0
G0204,4,130.0,0.0
G0204,5,130.0,0.0
G0204,6,130.0,0.0
G0204,7,130.0,0.0
G0204,8,130.0,0.0
G0204,9,130.0,0.0
G0204,10,130.0,0.0
G0204,11,0.0,0.0
G0204,12,130.0,0.0
G0204,13,0.0,0.0
G0204,14,130.0,0.0
G0204,15,130.0,0.0
G0204,16,130.0,0.0
G0204,17,130.0,0.0
G0204,18,130.0,0.0
G0204,19,130.0,0.0
G0204,20,130.0,0.0
G0204,21,130.0,0.0
G0204,22,130.0,0.0
G0204,23,130.0,0.0
G0204,24,130.0,0.0
G0206,1,130.0,0.0
G0206,2,130.0,0.0
G0206,3,130.0,0.0
G0206,4,130.0,0.0
G0206,5,130.0,0.0
G0206,6,130.0,0.0
G0206,7,130.0,0.0
G0206,8,130.0,0.0
G0206,9,130.0,0.0
G0206,10,130.0,0.0
G0206,11,0.0,0.0
G0206,12,0.0,0.0
G0206,13,0.0,0.0
G0206,14,130.0,0.0
G0206,15,130.0,0.0
G0206,16,130.0,0.0
G0206,17,130.0,0.0
G0206,18,130.0,0.0
G0206,19,130.0,0.0
G0206,20,130.0,0.0
G0206,21,130.0,0.0
G0206,22,130.0,0.0
G0206,23,130.0,0.0
G0206,24,130.0,0.0
G0446,1,350.0,0.0
G0446,2,350.0,0.0
G0446,3,350.0,0.0
G0446,4,350.0,0.0
G0446,5,350.0,0.0
G0446,6,350.0,0.0
G0446,7,350.0,0.0
G0446,8,350.0,0.0
G0446,9,350.0,0.0
G0446,10,350.0,0.0
G0446,11,0.0,0.0
G0446,12,0.0,0.0
G0446,13,0.0,0.0
G0446,14,350.0,0.0
G0446,15,350.0,0.0
G0446,16,350.0,0.0
G0446,17,350.0,0.0
G0446,18,350.0,0.0
G0446,19,350.0,0.0
G0446,20,350.0,0.0
G0446,21,350.0,0.0
G0446,22,350.0,0.0
G0446,23,350.0,0.0
G0446,24,350.0,0.0
G0742,1,50.0,0.0
G0742,2,50.0,0.0
G0742,3,50.0,0.0
G0742,4,50.0,0.0
G0742,5,50.0,0.0
G0742,6,50.0,0.0
G0742,7,50.0,0.0
G0742,8,50.0,0.0
G0742,9,50.0,0.0
G0742,10,50.0,0.0
G0742,11,0.0,0.0
G0742,12,0.0,0.0
G0742,13,0.0,0.0
G0742,14,50.0,0.0
G0742,15,50.0,0.0
G0742,16,50.0,0.0
G0742,17,50.0,0.0
G0742,18,50.0,0.0
G0742,19,50.0,0.0
G0742,20,50.0,0.0
G0742,21,50.0,0.0
G0742,22,50.0,0.0
G0742,23,50.0,0.0
G0742,24,50.0,0.0
G0004,1,0.0,0.0
G0004,2,0.0,0.0
G0004,3,0.0,0.0
G0004,4,0.0,0.0
G0004,5,0.0,0.0
G0004,6,0.0,0.0
G0004,7,0.0,0.0
G0004,8,0.0,0.0
G0004,9,0.0,0.0
G0004,10,0.0,0.0
G0004,11,0.0,0.0
G0004,12,0.0,0.0
G0004,13,0.0,0.0
G0004,14,0.0,0.0
G0004,15,0.0,0.0
G0004,16,0.0,0.0
G0004,17,0.0,0.0
G0004,18,0.0,0.0
G0004,19,0.0,0.0
G0004,20,0.0,0.0
G0004,21,0.0,0.0
G0004,22,0.0,0.0
G0004,23,0.0,0.0
G0004,24,0.0,0.0
G0005,1,0.0,0.0
G0005,2,0.0,0.0
G0005,3,0.0,0.0
G0005,4,0.0,0.0
G0005,5,0.0,0.0
G0005,6,0.0,0.0
G0005,7,0.0,0.0
G0005,8,0.0,0.0
G0005,9,0.0,0.0
G0005,10,0.0,0.0
G0005,11,0.0,0.0
G0005,12,0.0,0.0
G0005,13,0.0,0.0
G0005,14,0.0,0.0
G0005,15,0.0,0.0
G0005,16,0.0,0.0
G0005,17,0.0,0.0
G0005,18,0.0,0.0
G0005,19,0.0,0.0
G0005,20,0.0,0.0
G0005,21,0.0,0.0
G0005,22,0.0,0.0
G0005,23,0.0,0.0
G0005,24,0.0,0.0
G0006,1,0.0,0.0
G0006,2,0.0,0.0
G0006,3,0.0,0.0
G0006,4,0.0,0.0
G0006,5,0.0,0.0
G0006,6,0.0,0.0
G0006,7,0.0,0.0
G0006,8,0.0,0.0
G0006,9,0.0,0.0
G0006,10,0.0,0.0
G0006,11,0.0,0.0
G0006,12,0.0,0.0
G0006,13,0.0,0.0
G0006,14,0.0,0.0
G0006,15,0.0,0.0
G0006,16,0.0,0.0
G0006,17,0.0,0.0
G0006,18,0.0,0.0
G0006,19,0.0,0.0
G0006,20,0.0,0.0
G0006,21,0.0,0.0
G0006,22,0.0,0.0
G0006,23,0.0,0.0
G0006,24,0.0,0.0
G0041,1,0.0,0.0
G0041,2,0.0,0.0
G0041,3,0.0,0.0
G0041,4,0.0,0.0
G0041,5,0.0,0.0
G0041,6,0.0,0.0
G0041,7,0.0,0.0
G0041,8,0.0,0.0
G0041,9,0.0,0.0
G0041,10,0.0,0.0
G0041,11,0.0,0.0
G0041,12,0.0,0.0
G0041,13,0.0,0.0
G0041,14,0.0,0.0
G0041,15,0.0,0.0
G0041,16,0.0,0.0
G0041,17,0.0,0.0
G0041,18,0.0,0.0
G0041,19,0.0,0.0
G0041,20,0.0,0.0
G0041,21,0.0,0.0
G0041,22,0.0,0.0
G0041,23,0.0,0.0
G0041,24,0.0,0.0
G0045,1,0.0,0.0
G0045,2,0.0,0.0
G0045,3,0.0,0.0
G0045,4,0.0,0.0
G0045,5,0.0,0.0
G0045,6,0.0,0.0
G0045,7,0.0,0.0
G0045,8,0.0,0.0
G0045,9,0.0,0.0
G0045,10,0.0,0.0
G0045,11,0.0,0.0
G0045,12,0.0,0.0
G0045,13,0.0,0.0
G0045,14,0.0,0.0
G0045,15,0.0,0.0
G0045,16,0.0,0.0
G0045,17,0.0,0.0
G0045,18,0.0,0.0
G0045,19,0.0,0.0
G0045,20,0.0,0.0
G0045,21,0.0,0.0
G0045,22,0.0,0.0
G0045,23,0.0,0.0
G0045,24,0.0,0.0
G0065,1,0.0,0.0
G0065,2,0.0,0.0
G0065,3,0.0,0.0
G0065,4,0.0,0.0
G0065,5,0.0,0.0
G0065,6,0.0,0.0
G0065,7,0.0,0.0
G0065,8,0.0,0.0
G0065,9,0.0,0.0
G0065,10,0.0,0.0
G0065,11,0.0,0.0
G0065,12,0.0,0.0
G0065,13,0.0,0.0
G0065,14,0.0,0.0
G0065,15,0.0,0.0
G0065,16,0.0,0.0
G0065,17,0.0,0.0
G0065,18,0.0,0.0
G0065,19,0.0,0.0
G0065,20,0.0,0.0
G0065,21,0.0,0.0
G0065,22,0.0,0.0
G0065,23,0.0,0.0
G0065,24,0.0,0.0
G0066,1,0.0,0.0
G0066,2,0.0,0.0
G0066,3,0.0,0.0
G0066,4,0.0,0.0
G0066,5,0.0,0.0
G0066,6,0.0,0.0
G0066,7,0.0,0.0
G0066,8,0.0,0.0
G0066,9,0.0,0.0
G0066,10,0.0,0.0
G0066,11,0.0,0.0
G0066,12,0.0,0.0
G0066,13,0.0,0.0
G0066,14,0.0,0.0
G0066,15,0.0,0.0
G0066,16,0.0,0.0
G0066,17,0.0,0.0
G0066,18,0.0,0.0
G0066,19,0.0,0.0
G0066,20,0.0,0.0
G0066,21,0.0,0.0
G0066,22,0.0,0.0
G0066,23,0.0,0.0
G0066,24,0.0,0.0
G0067,1,0.0,0.0
G0067,2,0.0,0.0
G0067,3,0.0,0.0
G0067,4,0.0,0.0
G0067,5,0.0,0.0
G0067,6,0.0,0.0
G0067,7,0.0,0.0
G0067,8,0.0,0.0
G0067,9,0.0,0.0
G0067,10,0.0,0.0
G0067,11,0.0,0.0
G0067,12,0.0,0.0
G0067,13,0.0,0.0
G0067,14,0.0,0.0
G0067,15,0.0,0.0
G0067,16,0.0,0.0
G0067,17,0.0,0.0
G0067,18,0.0,0.0
G0067,19,0.0,0.0
G0067,20,0.0,0.0
G0067,21,0.0,0.0
G0067,22,0.0,0.0
G0067,23,0.0,0.0
G0067,24,0.0,0.0
G0077,1,0.0,0.0
G0077,2,0.0,0.0
G0077,3,0.0,0.0
G0077,4,0.0,0.0
G0077,5,0.0,0.0
G0077,6,0.0,0.0
G0077,7,0.0,0.0
G0077,8,0.0,0.0
G0077,9,0.0,0.0
G0077,10,0.0,0.0
G0077,11,0.0,0.0
G0077,12,0.0,0.0
G0077,13,0.0,0.0
G0077,14,0.0,0.0
G0077,15,0.0,0.0
G0077,16,0.0,0.0
G0077,17,0.0,0.0
G0077,18,0.0,0.0
G0077,19,0.0,0.0
G0077,20,0.0,0.0
G0077,21,0.0,0.0
G0077,22,0.0,0.0
G0077,23,0.0,0.0
G0077,24,0.0,0.0
G0078,1,0.0,0.0
G0078,2,0.0,0.0
G0078,3,0.0,0.0
G0078,4,0.0,0.0
G0078,5,0.0,0.0
G0078,6,0.0,0.0
G0078,7,0.0,0.0
G0078,8,0.0,0.0
G0078,9,0.0,0.0
G0078,10,0.0,0.0
G0078,11,0.0,0.0
G0078,12,0.0,0.0
G0078,13,0.0,0.0
G0078,14,0.0,0.0
G0078,15,0.0,0.0
G0078,16,0.0,0.0
G0078,17,0.0,0.0
G0078,18,0.0,0.0
G0078,19,0.0,0.0
G0078,20,0.0,0.0
G0078,21,0.0,0.0
G0078,22,0.0,0.0
G0078,23,0.0,0.0
G0078,24,0.0,0.0
G0085,1,0.0,0.0
G0085,2,0.0,0.0
G0085,3,0.0,0.0
G0085,4,0.0,0.0
G0085,5,0.0,0.0
G0085,6,0.0,0.0
G0085,7,0.0,0.0
G0085,8,0.0,0.0
G0085,9,0.0,0.0
G0085,10,0.0,0.0
G0085,11,0.0,0.0
G0085,12,0.0,0.0
G0085,13,0.0,0.0
G0085,14,0.0,0.0
G0085,15,0.0,0.0
G0085,16,0.0,0.0
G0085,17,0.0,0.0
G0085,18,0.0,0.0
G0085,19,0.0,0.0
G0085,20,0.0,0.0
G0085,21,0.0,0.0
G0085,22,0.0,0.0
G0085,23,0.0,0.0
G0085,24,0.0,0.0
G0086,1,0.0,0.0
G0086,2,0.0,0.0
G0086,3,0.0,0.0
G0086,4,0.0,0.0
G0086,5,0.0,0.0
G0086,6,0.0,0.0
G0086,7,0.0,0.0
G0086,8,0.0,0.0
G0086,9,0.0,0.0
G0086,10,0.0,0.0
G0086,11,0.0,0.0
G0086,12,0.0,0.0
G0086,13,0.0,0.0
G0086,14,0.0,0.0
G0086,15,0.0,0.0
G0086,16,0.0,0.0
G0086,17,0.0,0.0
G0086,18,0.0,0.0
G0086,19,0.0,0.0
G0086,20,0.0,0.0
G0086,21,0.0,0.0
G0086,22,0.0,0.0
G0086,23,0.0,0.0
G0086,24,0.0,0.0
G0088,1,0.0,0.0
G0088,2,0.0,0.0
G0088,3,0.0,0.0
G0088,4,0.0,0.0
G0088,5,0.0,0.0
G0088,6,0.0,0.0
G0088,7,0.0,0.0
G0088,8,0.0,0.0
G0088,9,0.0,0.0
G0088,10,0.0,0.0
G0088,11,0.0,0.0
G0088,12,0.0,0.0
G0088,13,0.0,0.0
G0088,14,0.0,0.0
G0088,15,0.0,0.0
G0088,16,0.0,0.0
G0088,17,0.0,0.0
G0088,18,0.0,0.0
G0088,19,0.0,0.0
G0088,20,0.0,0.0
G0088,21,0.0,0.0
G0088,22,0.0,0.0
G0088,23,0.0,0.0
G0088,24,0.0,0.0
G0107,1,0.0,0.0
G0107,2,0.0,0.0
G0107,3,0.0,0.0
G0107,4,0.0,0.0
G0107,5,0.0,0.0
G0107,6,0.0,0.0
G0107,7,0.0,0.0
G0107,8,0.0,0.0
G0107,9,0.0,0.0
G0107,10,0.0,0.0
G0107,11,0.0,0.0
G0107,12,0.0,0.0
G0107,13,0.0,0.0
G0107,14,0.0,0.0
G0107,15,0.0,0.0
G0107,16,0.0,0.0
G0107,17,0.0,0.0
G0107,18,0.0,0.0
G0107,19,0.0,0.0
G0107,20,0.0,0.0
G0107,21,0.0,0.0
G0107,22,0.0,0.0
G0107,23,0.0,0.0
G0107,24,0.0,0.0
G0108,1,0.0,0.0
G0108,2,0.0,0.0
G0108,3,0.0,0.0
G0108,4,0.0,0.0
G0108,5,0.0,0.0
G0108,6,0.0,0.0
G0108,7,0.0,0.0
G0108,8,0.0,0.0
G0108,9,0.0,0.0
G0108,10,0.0,0.0
G0108,11,0.0,0.0
G0108,12,0.0,0.0
G0108,13,0.0,0.0
G0108,14,0.0,0.0
G0108,15,0.0,0.0
G0108,16,0.0,0.0
G0108,17,0.0,0.0
G0108,18,0.0,0.0
G0108,19,0.0,0.0
G0108,20,0.0,0.0
G0108,21,0.0,0.0
G0108,22,0.0,0.0
G0108,23,0.0,0.0
G0108,24,0.0,0.0
G0111,1,0.0,0.0
G0111,2,0.0,0.0
G0111,3,0.0,0.0
G0111,4,0.0,0.0
G0111,5,0.0,0.0
G0111,6,0.0,0.0
G0111,7,0.0,0.0
G0111,8,0.0,0.0
G0111,9,0.0,0.0
G0111,10,0.0,0.0
G0111,11,0.0,0.0
G0111,12,0.0,0.0
G0111,13,0.0,0.0
G0111,14,0.0,0.0
G0111,15,0.0,0.0
G0111,16,0.0,0.0
G0111,17,0.0,0.0
G0111,18,0.0,0.0
G0111,19,0.0,0.0
G0111,20,0.0,0.0
G0111,21,0.0,0.0
G0111,22,0.0,0.0
G0111,23,0.0,0.0
G0111,24,0.0,0.0
G0113,1,0.0,0.0
G0113,2,0.0,0.0
G0113,3,0.0,0.0
G0113,4,0.0,0.0
G0113,5,0.0,0.0
G0113,6,0.0,0.0
G0113,7,0.0,0.0
G0113,8,0.0,0.0
G0113,9,0.0,0.0
G0113,10,0.0,0.0
G0113,11,0.0,0.0
G0113,12,0.0,0.0
G0113,13,0.0,0.0
G0113,14,0.0,0.0
G0113,15,0.0,0.0
G0113,16,0.0,0.0
G0113,17,0.0,0.0
G0113,18,0.0,0.0
G0113,19,0.0,0.0
G0113,20,0.0,0.0
G0113,21,0.0,0.0
G0113,22,0.0,0.0
G0113,23,0.0,0.0
G0113,24,0.0,0.0
G0114,1,0.0,0.0
G0114,2,0.0,0.0
G0114,3,0.0,0.0
G0114,4,0.0,0.0
G0114,5,0.0,0.0
G0114,6,0.0,0.0
G0114,7,0.0,0.0
G0114,8,0.0,0.0
G0114,9,0.0,0.0
G0114,10,0.0,0.0
G0114,11,0.0,0.0
G0114,12,0.0,0.0
G0114,13,0.0,0.0
G0114,14,0.0,0.0
G0114,15,0.0,0.0
G0114,16,0.0,0.0
G0114,17,0.0,0.0
G0114,18,0.0,0.0
G0114,19,0.0,0.0
G0114,20,0.0,0.0
G0114,21,0.0,0.0
G0114,22,0.0,0.0
G0114,23,0.0,0.0
G0114,24,0.0,0.0
G0115,1,0.0,0.0
G0115,2,0.0,0.0
G0115,3,0.0,0.0
G0115,4,0.0,0.0
G0115,5,0.0,0.0
G0115,6,0.0,0.0
G0115,7,0.0,0.0
G0115,8,0.0,0.0
G0115,9,0.0,0.0
G0115,10,0.0,0.0
G0115,11,0.0,0.0
G0115,12,0.0,0.0
G0115,13,0.0,0.0
G0115,14,0.0,0.0
G0115,15,0.0,0.0
G0115,16,0.0,0.0
G0115,17,0.0,0.0
G0115,18,0.0,0.0
G0115,19,0.0,0.0
G0115,20,0.0,0.0
G0115,21,0.0,0.0
G0115,22,0.0,0.0
G0115,23,0.0,0.0
G0115,24,0.0,0.0
G0140,1,0.0,0.0
G0140,2,0.0,0.0
G0140,3,0.0,0.0
G0140,4,0.0,0.0
G0140,5,0.0,0.0
G0140,6,0.0,0.0
G0140,7,0.0,0.0
G0140,8,0.0,0.0
G0140,9,0.0,0.0
G0140,10,0.0,0.0
G0140,11,0.0,0.0
G0140,12,0.0,0.0
G0140,13,0.0,0.0
G0140,14,0.0,0.0
G0140,15,0.0,0.0
G0140,16,0.0,0.0
G0140,17,0.0,0.0
G0140,18,0.0,0.0
G0140,19,0.0,0.0
G0140,20,0.0,0.0
G0140,21,0.0,0.0
G0140,22,0.0,0.0
G0140,23,0.0,0.0
G0140,24,0.0,0.0
G0145,1,0.0,0.0
G0145,2,0.0,0.0
G0145,3,0.0,0.0
G0145,4,0.0,0.0
G0145,5,0.0,0.0
G0145,6,0.0,0.0
G0145,7,0.0,0.0
G0145,8,0.0,0.0
G0145,9,0.0,0.0
G0145,10,0.0,0.0
G0145,11,0.0,0.0
G0145,12,0.0,0.0
G0145,13,0.0,0.0
G0145,14,0.0,0.0
G0145,15,0.0,0.0
G0145,16,0.0,0.0
G0145,17,0.0,0.0
G0145,18,0.0,0.0
G0145,19,0.0,0.0
G0145,20,0.0,0.0
G0145,21,0.0,0.0
G0145,22,0.0,0.0
G0145,23,0.0,0.0
G0145,24,0.0,0.0
G0168,1,0.0,0.0
G0168,2,0.0,0.0
G0168,3,0.0,0.0
G0168,4,0.0,0.0
G0168,5,0.0,0.0
G0168,6,0.0,0.0
G0168,7,0.0,0.0
G0168,8,0.0,0.0
G0168,9,0.0,0.0
G0168,10,0.0,0.0
G0168,11,0.0,0.0
G0168,12,0.0,0.0
G0168,13,0.0,0.0
G0168,14,0.0,0.0
G0168,15,0.0,0.0
G0168,16,0.0,0.0
G0168,17,0.0,0.0
G0168,18,0.0,0.0
G0168,19,0.0,0.0
G0168,20,0.0,0.0
G0168,21,0.0,0.0
G0168,22,0.0,0.0
G0168,23,0.0,0.0
G0168,24,0.0,0.0
G0169,1,0.0,0.0
G0169,2,0.0,0.0
G0169,3,0.0,0.0
G0169,4,0.0,0.0
G0169,5,0.0,0.0
G0169,6,0.0,0.0
G0169,7,0.0,0.0
G0169,8,0.0,0.0
G0169,9,0.0,0.0
G0169,10,0.0,0.0
G0169,11,0.0,0.0
G0169,12,0.0,0.0
G0169,13,0.0,0.0
G0169,14,0.0,0.0
G0169,15,0.0,0.0
G0169,16,0.0,0.0
G0169,17,0.0,0.0
G0169,18,0.0,0.0
G0169,19,0.0,0.0
G0169,20,0.0,0.0
G0169,21,0.0,0.0
G0169,22,0.0,0.0
G0169,23,0.0,0.0
G0169,24,0.0,0.0
G0170,1,0.0,0.0
G0170,2,0.0,0.0
G0170,3,0.0,0.0
G0170,4,0.0,0.0
G0170,5,0.0,0.0
G0170,6,0.0,0.0
G0170,7,0.0,0.0
G0170,8,0.0,0.0
G0170,9,0.0,0.0
G0170,10,0.0,0.0
G0170,11,0.0,0.0
G0170,12,0.0,0.0
G0170,13,0.0,0.0
G0170,14,0.0,0.0
G0170,15,0.0,0.0
G0170,16,0.0,0.0
G0170,17,0.0,0.0
G0170,18,0.0,0.0
G0170,19,0.0,0.0
G0170,20,0.0,0.0
G0170,21,0.0,0.0
G0170,22,0.0,0.0
G0170,23,0.0,0.0
G0170,24,0.0,0.0
G0171,1,0.0,0.0
G0171,2,0.0,0.0
G0171,3,0.0,0.0
G0171,4,0.0,0.0
G0171,5,0.0,0.0
G0171,6,0.0,0.0
G0171,7,0.0,0.0
G0171,8,0.0,0.0
G0171,9,0.0,0.0
G0171,10,0.0,0.0
G0171,11,0.0,0.0
G0171,12,0.0,0.0
G0171,13,0.0,0.0
G0171,14,0.0,0.0
G0171,15,0.0,0.0
G0171,16,0.0,0.0
G0171,17,0.0,0.0
G0171,18,0.0,0.0
G0171,19,0.0,0.0
G0171,20,0.0,0.0
G0171,21,0.0,0.0
G0171,22,0.0,0.0
G0171,23,0.0,0.0
G0171,24,0.0,0.0
G0172,1,0.0,0.0
G0172,2,0.0,0.0
G0172,3,0.0,0.0
G0172,4,0.0,0.0
G0172,5,0.0,0.0
G0172,6,0.0,0.0
G0172,7,0.0,0.0
G0172,8,0.0,0.0
G0172,9,0.0,0.0
G0172,10,0.0,0.0
G0172,11,0.0,0.0
G0172,12,0.0,0.0
G0172,13,0.0,0.0
G0172,14,0.0,0.0
G0172,15,0.0,0.0
G0172,16,0.0,0.0
G0172,17,0.0,0.0
G0172,18,0.0,0.0
G0172,19,0.0,0.0
G0172,20,0.0,0.0
G0172,21,0.0,0.0
G0172,22,0.0,0.0
G0172,23,0.0,0.0
G0172,24,0.0,0.0
G0176,1,0.0,0.0
G0176,2,0.0,0.0
G0176,3,0.0,0.0
G0176,4,0.0,0.0
G0176,5,0.0,0.0
G0176,6,0.0,0.0
G0176,7,0.0,0.0
G0176,8,0.0,0.0
G0176,9,0.0,0.0
G0176,10,0.0,0.0
G0176,11,0.0,0.0
G0176,12,0.0,0.0
G0176,13,0.0,0.0
G0176,14,0.0,0.0
G0176,15,0.0,0.0
G0176,16,0.0,0.0
G0176,17,0.0,0.0
G0176,18,0.0,0.0
G0176,19,0.0,0.0
G0176,20,0.0,0.0
G0176,21,0.0,0.0
G0176,22,0.0,0.0
G0176,23,0.0,0.0
G0176,24,0.0,0.0
G0184,1,0.0,0.0
G0184,2,0.0,0.0
G0184,3,0.0,0.0
G0184,4,0.0,0.0
G0184,5,0.0,0.0
G0184,6,0.0,0.0
G0184,7,0.0,0.0
G0184,8,0.0,0.0
G0184,9,0.0,0.0
G0184,10,0.0,0.0
G0184,11,0.0,0.0
G0184,12,0.0,0.0
G0184,13,0.0,0.0
G0184,14,0.0,0.0
G0184,15,0.0,0.0
G0184,16,0.0,0.0
G0184,17,0.0,0.0
G0184,18,0.0,0.0
G0184,19,0.0,0.0
G0184,20,0.0,0.0
G0184,21,0.0,0.0
G0184,22,0.0,0.0
G0184,23,0.0,0.0
G0184,24,0.0,0.0
G0189,1,0.0,0.0
G0189,2,0.0,0.0
G0189,3,0.0,0.0
G0189,4,0.0,0.0
G0189,5,0.0,0.0
G0189,6,0.0,0.0
G0189,7,0.0,0.0
G0189,8,0.0,0.0
G0189,9,0.0,0.0
G0189,10,0.0,0.0
G0189,11,0.0,0.0
G0189,12,0.0,0.0
G0189,13,0.0,0.0
G0189,14,0.0,0.0
G0189,15,0.0,0.0
G0189,16,0.0,0.0
G0189,17,0.0,0.0
G0189,18,0.0,0.0
G0189,19,0.0,0.0
G0189,20,0.0,0.0
G0189,21,0.0,0.0
G0189,22,0.0,0.0
G0189,23,0.0,0.0
G0189,24,0.0,0.0
G0192,1,0.0,0.0
G0192,2,0.0,0.0
G0192,3,0.0,0.0
G0192,4,0.0,0.0
G0192,5,0.0,0.0
G0192,6,0.0,0.0
G0192,7,0.0,0.0
G0192,8,0.0,0.0
G0192,9,0.0,0.0
G0192,10,0.0,0.0
G0192,11,0.0,0.0
G0192,12,0.0,0.0
G0192,13,0.0,0.0
G0192,14,0.0,0.0
G0192,15,0.0,0.0
G0192,16,0.0,0.0
G0192,17,0.0,0.0
G0192,18,0.0,0.0
G0192,19,0.0,0.0
G0192,20,0.0,0.0
G0192,21,0.0,0.0
G0192,22,0.0,0.0
G0192,23,0.0,0.0
G0192,24,0.0,0.0
G0209,1,0.0,0.0
G0209,2,0.0,0.0
G0209,3,0.0,0.0
G0209,4,0.0,0.0
G0209,5,0.0,0.0
G0209,6,0.0,0.0
G0209,7,0.0,0.0
G0209,8,0.0,0.0
G0209,9,0.0,0.0
G0209,10,0.0,0.0
G0209,11,0.0,0.0
G0209,12,0.0,0.0
G0209,13,0.0,0.0
G0209,14,0.0,0.0
G0209,15,0.0,0.0
G0209,16,0.0,0.0
G0209,17,0.0,0.0
G0209,18,0.0,0.0
G0209,19,0.0,0.0
G0209,20,0.0,0.0
G0209,21,0.0,0.0
G0209,22,0.0,0.0
G0209,23,0.0,0.0
G0209,24,0.0,0.0
G0210,1,0.0,0.0
G0210,2,0.0,0.0
G0210,3,0.0,0.0
G0210,4,0.0,0.0
G0210,5,0.0,0.0
G0210,6,0.0,0.0
G0210,7,0.0,0.0
G0210,8,0.0,0.0
G0210,9,0.0,0.0
G0210,10,0.0,0.0
G0210,11,0.0,0.0
G0210,12,0.0,0.0
G0210,13,0.0,0.0
G0210,14,0.0,0.0
G0210,15,0.0,0.0
G0210,16,0.0,0.0
G0210,17,0.0,0.0
G0210,18,0.0,0.0
G0210,19,0.0,0.0
G0210,20,0.0,0.0
G0210,21,0.0,0.0
G0210,22,0.0,0.0
G0210,23,0.0,0.0
G0210,24,0.0,0.0
G0211,1,0.0,0.0
G0211,2,0.0,0.0
G0211,3,0.0,0.0
G0211,4,0.0,0.0
G0211,5,0.0,0.0
G0211,6,0.0,0.0
G0211,7,0.0,0.0
G0211,8,0.0,0.0
G0211,9,0.0,0.0
G0211,10,0.0,0.0
G0211,11,0.0,0.0
G0211,12,0.0,0.0
G0211,13,0.0,0.0
G0211,14,0.0,0.0
G0211,15,0.0,0.0
G0211,16,0.0,0.0
G0211,17,0.0,0.0
G0211,18,0.0,0.0
G0211,19,0.0,0.0
G0211,20,0.0,0.0
G0211,21,0.0,0.0
G0211,22,0.0,0.0
G0211,23,0.0,0.0
G0211,24,0.0,0.0
G0255,1,0.0,0.0
G0255,2,0.0,0.0
G0255,3,0.0,0.0
G0255,4,0.0,0.0
G0255,5,0.0,0.0
G0255,6,0.0,0.0
G0255,7,0.0,0.0
G0255,8,0.0,0.0
G0255,9,0.0,0.0
G0255,10,0.0,0.0
G0255,11,0.0,0.0
G0255,12,0.0,0.0
G0255,13,0.0,0.0
G0255,14,0.0,0.0
G0255,15,0.0,0.0
G0255,16,0.0,0.0
G0255,17,0.0,0.0
G0255,18,0.0,0.0
G0255,19,0.0,0.0
G0255,20,0.0,0.0
G0255,21,0.0,0.0
G0255,22,0.0,0.0
G0255,23,0.0,0.0
G0255,24,0.0,0.0
G0256,1,0.0,0.0
G0256,2,0.0,0.0
G0256,3,0.0,0.0
G0256,4,0.0,0.0
G0256,5,0.0,0.0
G0256,6,0.0,0.0
G0256,7,0.0,0.0
G0256,8,0.0,0.0
G0256,9,0.0,0.0
G0256,10,0.0,0.0
G0256,11,0.0,0.0
G0256,12,0.0,0.0
G0256,13,0.0,0.0
G0256,14,0.0,0.0
G0256,15,0.0,0.0
G0256,16,0.0,0.0
G0256,17,0.0,0.0
G0256,18,0.0,0.0
G0256,19,0.0,0.0
G0256,20,0.0,0.0
G0256,21,0.0,0.0
G0256,22,0.0,0.0
G0256,23,0.0,0.0
G0256,24,0.0,0.0
G0257,1,0.0,0.0
G0257,2,0.0,0.0
G0257,3,0.0,0.0
G0257,4,0.0,0.0
G0257,5,0.0,0.0
G0257,6,0.0,0.0
G0257,7,0.0,0.0
G0257,8,0.0,0.0
G0257,9,0.0,0.0
G0257,10,0.0,0.0
G0257,11,0.0,0.0
G0257,12,0.0,0.0
G0257,13,0.0,0.0
G0257,14,0.0,0.0
G0257,15,0.0,0.0
G0257,16,0.0,0.0
G0257,17,0.0,0.0
G0257,18,0.0,0.0
G0257,19,0.0,0.0
G0257,20,0.0,0.0
G0257,21,0.0,0.0
G0257,22,0.0,0.0
G0257,23,0.0,0.0
G0257,24,0.0,0.0
G0258,1,0.0,0.0
G0258,2,0.0,0.0
G0258,3,0.0,0.0
G0258,4,0.0,0.0
G0258,5,0.0,0.0
G0258,6,0.0,0.0
G0258,7,0.0,0.0
G0258,8,0.0,0.0
G0258,9,0.0,0.0
G0258,10,0.0,0.0
G0258,11,0.0,0.0
G0258,12,0.0,0.0
G0258,13,0.0,0.0
G0258,14,0.0,0.0
G0258,15,0.0,0.0
G0258,16,0.0,0.0
G0258,17,0.0,0.0
G0258,18,0.0,0.0
G0258,19,0.0,0.0
G0258,20,0.0,0.0
G0258,21,0.0,0.0
G0258,22,0.0,0.0
G0258,23,0.0,0.0
G0258,24,0.0,0.0
G0259,1,0.0,0.0
G0259,2,0.0,0.0
G0259,3,0.0,0.0
G0259,4,0.0,0.0
G0259,5,0.0,0.0
G0259,6,0.0,0.0
G0259,7,0.0,0.0
G0259,8,0.0,0.0
G0259,9,0.0,0.0
G0259,10,0.0,0.0
G0259,11,0.0,0.0
G0259,12,0.0,0.0
G0259,13,0.0,0.0
G0259,14,0.0,0.0
G0259,15,0.0,0.0
G0259,16,0.0,0.0
G0259,17,0.0,0.0
G0259,18,0.0,0.0
G0259,19,0.0,0.0
G0259,20,0.0,0.0
G0259,21,0.0,0.0
G0259,22,0.0,0.0
G0259,23,0.0,0.0
G0259,24,0.0,0.0
G0260,1,0.0,0.0
G0260,2,0.0,0.0
G0260,3,0.0,0.0
G0260,4,0.0,0.0
G0260,5,0.0,0.0
G0260,6,0.0,0.0
G0260,7,0.0,0.0
G0260,8,0.0,0.0
G0260,9,0.0,0.0
G0260,10,0.0,0.0
G0260,11,0.0,0.0
G0260,12,0.0,0.0
G0260,13,0.0,0.0
G0260,14,0.0,0.0
G0260,15,0.0,0.0
G0260,16,0.0,0.0
G0260,17,0.0,0.0
G0260,18,0.0,0.0
G0260,19,0.0,0.0
G0260,20,0.0,0.0
G0260,21,0.0,0.0
G0260,22,0.0,0.0
G0260,23,0.0,0.0
G0260,24,0.0,0.0
G0261,1,0.0,0.0
G0261,2,0.0,0.0
G0261,3,0.0,0.0
G0261,4,0.0,0.0
G0261,5,0.0,0.0
G0261,6,0.0,0.0
G0261,7,0.0,0.0
G0261,8,0.0,0.0
G0261,9,0.0,0.0
G0261,10,0.0,0.0
G0261,11,0.0,0.0
G0261,12,0.0,0.0
G0261,13,0.0,0.0
G0261,14,0.0,0.0
G0261,15,0.0,0.0
G0261,16,0.0,0.0
G0261,17,0.0,0.0
G0261,18,0.0,0.0
G0261,19,0.0,0.0
G0261,20,0.0,0.0
G0261,21,0.0,0.0
G0261,22,0.0,0.0
G0261,23,0.0,0.0
G0261,24,0.0,0.0
G0262,1,0.0,0.0
G0262,2,0.0,0.0
G0262,3,0.0,0.0
G0262,4,0.0,0.0
G0262,5,0.0,0.0
G0262,6,0.0,0.0
G0262,7,0.0,0.0
G0262,8,0.0,0.0
G0262,9,0.0,0.0
G0262,10,0.0,0.0
G0262,11,0.0,0.0
G0262,12,0.0,0.0
G0262,13,0.0,0.0
G0262,14,0.0,0.0
G0262,15,0.0,0.0
G0262,16,0.0,0.0
G0262,17,0.0,0.0
G0262,18,0.0,0.0
G0262,19,0.0,0.0
G0262,20,0.0,0.0
G0262,21,0.0,0.0
G0262,22,0.0,0.0
G0262,23,0.0,0.0
G0262,24,0.0,0.0
G0263,1,0.0,0.0
G0263,2,0.0,0.0
G0263,3,0.0,0.0
G0263,4,0.0,0.0
G0263,5,0.0,0.0
G0263,6,0.0,0.0
G0263,7,0.0,0.0
G0263,8,0.0,0.0
G0263,9,0.0,0.0
G0263,10,0.0,0.0
G0263,11,0.0,0.0
G0263,12,0.0,0.0
G0263,13,0.0,0.0
G0263,14,0.0,0.0
G0263,15,0.0,0.0
G0263,16,0.0,0.0
G0263,17,0.0,0.0
G0263,18,0.0,0.0
G0263,19,0.0,0.0
G0263,20,0.0,0.0
G0263,21,0.0,0.0
G0263,22,0.0,0.0
G0263,23,0.0,0.0
G0263,24,0.0,0.0
G0264,1,0.0,0.0
G0264,2,0.0,0.0
G0264,3,0.0,0.0
G0264,4,0.0,0.0
G0264,5,0.0,0.0
G0264,6,0.0,0.0
G0264,7,0.0,0.0
G0264,8,0.0,0.0
G0264,9,0.0,0.0
G0264,10,0.0,0.0
G0264,11,0.0,0.0
G0264,12,0.0,0.0
G0264,13,0.0,0.0
G0264,14,0.0,0.0
G0264,15,0.0,0.0
G0264,16,0.0,0.0
G0264,17,0.0,0.0
G0264,18,0.0,0.0
G0264,19,0.0,0.0
G0264,20,0.0,0.0
G0264,21,0.0,0.0
G0264,22,0.0,0.0
G0264,23,0.0,0.0
G0264,24,0.0,0.0
G0284,1,0.0,0.0
G0284,2,0.0,0.0
G0284,3,0.0,0.0
G0284,4,0.0,0.0
G0284,5,0.0,0.0
G0284,6,0.0,0.0
G0284,7,0.0,0.0
G0284,8,0.0,0.0
G0284,9,0.0,0.0
G0284,10,0.0,0.0
G0284,11,0.0,0.0
G0284,12,0.0,0.0
G0284,13,0.0,0.0
G0284,14,0.0,0.0
G0284,15,0.0,0.0
G0284,16,0.0,0.0
G0284,17,0.0,0.0
G0284,18,0.0,0.0
G0284,19,0.0,0.0
G0284,20,0.0,0.0
G0284,21,0.0,0.0
G0284,22,0.0,0.0
G0284,23,0.0,0.0
G0284,24,0.0,0.0
G0286,1,0.0,0.0
G0286,2,0.0,0.0
G0286,3,0.0,0.0
G0286,4,0.0,0.0
G0286,5,0.0,0.0
G0286,6,0.0,0.0
G0286,7,0.0,0.0
G0286,8,0.0,0.0
G0286,9,0.0,0.0
G0286,10,0.0,0.0
G0286,11,0.0,0.0
G0286,12,0.0,0.0
G0286,13,0.0,0.0
G0286,14,0.0,0.0
G0286,15,0.0,0.0
G0286,16,0.0,0.0
G0286,17,0.0,0.0
G0286,18,0.0,0.0
G0286,19,0.0,0.0
G0286,20,0.0,0.0
G0286,21,0.0,0.0
G0286,22,0.0,0.0
G0286,23,0.0,0.0
G0286,24,0.0,0.0
G0308,1,0.0,0.0
G0308,2,0.0,0.0
G0308,3,0.0,0.0
G0308,4,0.0,0.0
G0308,5,0.0,0.0
G0308,6,0.0,0.0
G0308,7,0.0,0.0
G0308,8,0.0,0.0
G0308,9,0.0,0.0
G0308,10,0.0,0.0
G0308,11,0.0,0.0
G0308,12,0.0,0.0
G0308,13,0.0,0.0
G0308,14,0.0,0.0
G0308,15,0.0,0.0
G0308,16,0.0,0.0
G0308,17,0.0,0.0
G0308,18,0.0,0.0
G0308,19,0.0,0.0
G0308,20,0.0,0.0
G0308,21,0.0,0.0
G0308,22,0.0,0.0
G0308,23,0.0,0.0
G0308,24,0.0,0.0
G0314,1,0.0,0.0
G0314,2,0.0,0.0
G0314,3,0.0,0.0
G0314,4,0.0,0.0
G0314,5,0.0,0.0
G0314,6,0.0,0.0
G0314,7,0.0,0.0
G0314,8,0.0,0.0
G0314,9,0.0,0.0
G0314,10,0.0,0.0
G0314,11,0.0,0.0
G0314,12,0.0,0.0
G0314,13,0.0,0.0
G0314,14,0.0,0.0
G0314,15,0.0,0.0
G0314,16,0.0,0.0
G0314,17,0.0,0.0
G0314,18,0.0,0.0
G0314,19,0.0,0.0
G0314,20,0.0,0.0
G0314,21,0.0,0.0
G0314,22,0.0,0.0
G0314,23,0.0,0.0
G0314,24,0.0,0.0
G0329,1,0.0,0.0
G0329,2,0.0,0.0
G0329,3,0.0,0.0
G0329,4,0.0,0.0
G0329,5,0.0,0.0
G0329,6,0.0,0.0
G0329,7,0.0,0.0
G0329,8,0.0,0.0
G0329,9,0.0,0.0
G0329,10,0.0,0.0
G0329,11,0.0,0.0
G0329,12,0.0,0.0
G0329,13,0.0,0.0
G0329,14,0.0,0.0
G0329,15,0.0,0.0
G0329,16,0.0,0.0
G0329,17,0.0,0.0
G0329,18,0.0,0.0
G0329,19,0.0,0.0
G0329,20,0.0,0.0
G0329,21,0.0,0.0
G0329,22,0.0,0.0
G0329,23,0.0,0.0
G0329,24,0.0,0.0
G0334,1,0.0,0.0
G0334,2,0.0,0.0
G0334,3,0.0,0.0
G0334,4,0.0,0.0
G0334,5,0.0,0.0
G0334,6,0.0,0.0
G0334,7,0.0,0.0
G0334,8,0.0,0.0
G0334,9,0.0,0.0
G0334,10,0.0,0.0
G0334,11,0.0,0.0
G0334,12,0.0,0.0
G0334,13,0.0,0.0
G0334,14,0.0,0.0
G0334,15,0.0,0.0
G0334,16,0.0,0.0
G0334,17,0.0,0.0
G0334,18,0.0,0.0
G0334,19,0.0,0.0
G0334,20,0.0,0.0
G0334,21,0.0,0.0
G0334,22,0.0,0.0
G0334,23,0.0,0.0
G0334,24,0.0,0.0
G0335,1,0.0,0.0
G0335,2,0.0,0.0
G0335,3,0.0,0.0
G0335,4,0.0,0.0
G0335,5,0.0,0.0
G0335,6,0.0,0.0
G0335,7,0.0,0.0
G0335,8,0.0,0.0
G0335,9,0.0,0.0
G0335,10,0.0,0.0
G0335,11,0.0,0.0
G0335,12,0.0,0.0
G0335,13,0.0,0.0
G0335,14,0.0,0.0
G0335,15,0.0,0.0
G0335,16,0.0,0.0
G0335,17,0.0,0.0
G0335,18,0.0,0.0
G0335,19,0.0,0.0
G0335,20,0.0,0.0
G0335,21,0.0,0.0
G0335,22,0.0,0.0
G0335,23,0.0,0.0
G0335,24,0.0,0.0
G0346,1,0.0,0.0
G0346,2,0.0,0.0
G0346,3,0.0,0.0
G0346,4,0.0,0.0
G0346,5,0.0,0.0
G0346,6,0.0,0.0
G0346,7,0.0,0.0
G0346,8,0.0,0.0
G0346,9,0.0,0.0
G0346,10,0.0,0.0
G0346,11,0.0,0.0
G0346,12,0.0,0.0
G0346,13,0.0,0.0
G0346,14,0.0,0.0
G0346,15,0.0,0.0
G0346,16,0.0,0.0
G0346,17,0.0,0.0
G0346,18,0.0,0.0
G0346,19,0.0,0.0
G0346,20,0.0,0.0
G0346,21,0.0,0.0
G0346,22,0.0,0.0
G0346,23,0.0,0.0
G0346,24,0.0,0.0
G0373,1,0.0,0.0
G0373,2,0.0,0.0
G0373,3,0.0,0.0
G0373,4,0.0,0.0
G0373,5,0.0,0.0
G0373,6,0.0,0.0
G0373,7,0.0,0.0
G0373,8,0.0,0.0
G0373,9,0.0,0.0
G0373,10,0.0,0.0
G0373,11,0.0,0.0
G0373,12,0.0,0.0
G0373,13,0.0,0.0
G0373,14,0.0,0.0
G0373,15,0.0,0.0
G0373,16,0.0,0.0
G0373,17,0.0,0.0
G0373,18,0.0,0.0
G0373,19,0.0,0.0
G0373,20,0.0,0.0
G0373,21,0.0,0.0
G0373,22,0.0,0.0
G0373,23,0.0,0.0
G0373,24,0.0,0.0
G0376,1,0.0,0.0
G0376,2,0.0,0.0
G0376,3,0.0,0.0
G0376,4,0.0,0.0
G0376,5,0.0,0.0
G0376,6,0.0,0.0
G0376,7,0.0,0.0
G0376,8,0.0,0.0
G0376,9,0.0,0.0
G0376,10,0.0,0.0
G0376,11,0.0,0.0
G0376,12,0.0,0.0
G0376,13,0.0,0.0
G0376,14,0.0,0.0
G0376,15,0.0,0.0
G0376,16,0.0,0.0
G0376,17,0.0,0.0
G0376,18,0.0,0.0
G0376,19,0.0,0.0
G0376,20,0.0,0.0
G0376,21,0.0,0.0
G0376,22,0.0,0.0
G0376,23,0.0,0.0
G0376,24,0.0,0.0
G0377,1,0.0,0.0
G0377,2,0.0,0.0
G0377,3,0.0,0.0
G0377,4,0.0,0.0
G0377,5,0.0,0.0
G0377,6,0.0,0.0
G0377,7,0.0,0.0
G0377,8,0.0,0.0
G0377,9,0.0,0.0
G0377,10,0.0,0.0
G0377,11,0.0,0.0
G0377,12,0.0,0.0
G0377,13,0.0,0.0
G0377,14,0.0,0.0
G0377,15,0.0,0.0
G0377,16,0.0,0.0
G0377,17,0.0,0.0
G0377,18,0.0,0.0
G0377,19,0.0,0.0
G0377,20,0.0,0.0
G0377,21,0.0,0.0
G0377,22,0.0,0.0
G0377,23,0.0,0.0
G0377,24,0.0,0.0
G0378,1,0.0,0.0
G0378,2,0.0,0.0
G0378,3,0.0,0.0
G0378,4,0.0,0.0
G0378,5,0.0,0.0
G0378,6,0.0,0.0
G0378,7,0.0,0.0
G0378,8,0.0,0.0
G0378,9,0.0,0.0
G0378,10,0.0,0.0
G0378,11,0.0,0.0
G0378,12,0.0,0.0
G0378,13,0.0,0.0
G0378,14,0.0,0.0
G0378,15,0.0,0.0
G0378,16,0.0,0.0
G0378,17,0.0,0.0
G0378,18,0.0,0.0
G0378,19,0.0,0.0
G0378,20,0.0,0.0
G0378,21,0.0,0.0
G0378,22,0.0,0.0
G0378,23,0.0,0.0
G0378,24,0.0,0.0
G0379,1,0.0,0.0
G0379,2,0.0,0.0
G0379,3,0.0,0.0
G0379,4,0.0,0.0
G0379,5,0.0,0.0
G0379,6,0.0,0.0
G0379,7,0.0,0.0
G0379,8,0.0,0.0
G0379,9,0.0,0.0
G0379,10,0.0,0.0
G0379,11,0.0,0.0
G0379,12,0.0,0.0
G0379,13,0.0,0.0
G0379,14,0.0,0.0
G0379,15,0.0,0.0
G0379,16,0.0,0.0
G0379,17,0.0,0.0
G0379,18,0.0,0.0
G0379,19,0.0,0.0
G0379,20,0.0,0.0
G0379,21,0.0,0.0
G0379,22,0.0,0.0
G0379,23,0.0,0.0
G0379,24,0.0,0.0
G0380,1,0.0,0.0
G0380,2,0.0,0.0
G0380,3,0.0,0.0
G0380,4,0.0,0.0
G0380,5,0.0,0.0
G0380,6,0.0,0.0
G0380,7,0.0,0.0
G0380,8,0.0,0.0
G0380,9,0.0,0.0
G0380,10,0.0,0.0
G0380,11,0.0,0.0
G0380,12,0.0,0.0
G0380,13,0.0,0.0
G0380,14,0.0,0.0
G0380,15,0.0,0.0
G0380,16,0.0,0.0
G0380,17,0.0,0.0
G0380,18,0.0,0.0
G0380,19,0.0,0.0
G0380,20,0.0,0.0
G0380,21,0.0,0.0
G0380,22,0.0,0.0
G0380,23,0.0,0.0
G0380,24,0.0,0.0
G0385,1,0.0,0.0
G0385,2,0.0,0.0
G0385,3,0.0,0.0
G0385,4,0.0,0.0
G0385,5,0.0,0.0
G0385,6,0.0,0.0
G0385,7,0.0,0.0
G0385,8,0.0,0.0
G0385,9,0.0,0.0
G0385,10,0.0,0.0
G0385,11,0.0,0.0
G0385,12,0.0,0.0
G0385,13,0.0,0.0
G0385,14,0.0,0.0
G0385,15,0.0,0.0
G0385,16,0.0,0.0
G0385,17,0.0,0.0
G0385,18,0.0,0.0
G0385,19,0.0,0.0
G0385,20,0.0,0.0
G0385,21,0.0,0.0
G0385,22,0.0,0.0
G0385,23,0.0,0.0
G0385,24,0.0,0.0
G0386,1,0.0,0.0
G0386,2,0.0,0.0
G0386,3,0.0,0.0
G0386,4,0.0,0.0
G0386,5,0.0,0.0
G0386,6,0.0,0.0
G0386,7,0.0,0.0
G0386,8,0.0,0.0
G0386,9,0.0,0.0
G0386,10,0.0,0.0
G0386,11,0.0,0.0
G0386,12,0.0,0.0
G0386,13,0.0,0.0
G0386,14,0.0,0.0
G0386,15,0.0,0.0
G0386,16,0.0,0.0
G0386,17,0.0,0.0
G0386,18,0.0,0.0
G0386,19,0.0,0.0
G0386,20,0.0,0.0
G0386,21,0.0,0.0
G0386,22,0.0,0.0
G0386,23,0.0,0.0
G0386,24,0.0,0.0
G0408,1,0.0,0.0
G0408,2,0.0,0.0
G0408,3,0.0,0.0
G0408,4,0.0,0.0
G0408,5,0.0,0.0
G0408,6,0.0,0.0
G0408,7,0.0,0.0
G0408,8,0.0,0.0
G0408,9,0.0,0.0
G0408,10,0.0,0.0
G0408,11,0.0,0.0
G0408,12,0.0,0.0
G0408,13,0.0,0.0
G0408,14,0.0,0.0
G0408,15,0.0,0.0
G0408,16,0.0,0.0
G0408,17,0.0,0.0
G0408,18,0.0,0.0
G0408,19,0.0,0.0
G0408,20,0.0,0.0
G0408,21,0.0,0.0
G0408,22,0.0,0.0
G0408,23,0.0,0.0
G0408,24,0.0,0.0
G0412,1,0.0,0.0
G0412,2,0.0,0.0
G0412,3,0.0,0.0
G0412,4,0.0,0.0
G0412,5,0.0,0.0
G0412,6,0.0,0.0
G0412,7,0.0,0.0
G0412,8,0.0,0.0
G0412,9,0.0,0.0
G0412,10,0.0,0.0
G0412,11,0.0,0.0
G0412,12,0.0,0.0
G0412,13,0.0,0.0
G0412,14,0.0,0.0
G0412,15,0.0,0.0
G0412,16,0.0,0.0
G0412,17,0.0,0.0
G0412,18,0.0,0.0
G0412,19,0.0,0.0
G0412,20,0.0,0.0
G0412,21,0.0,0.0
G0412,22,0.0,0.0
G0412,23,0.0,0.0
G0412,24,0.0,0.0
G0413,1,0.0,0.0
G0413,2,0.0,0.0
G0413,3,0.0,0.0
G0413,4,0.0,0.0
G0413,5,0.0,0.0
G0413,6,0.0,0.0
G0413,7,0.0,0.0
G0413,8,0.0,0.0
G0413,9,0.0,0.0
G0413,10,0.0,0.0
G0413,11,0.0,0.0
G0413,12,0.0,0.0
G0413,13,0.0,0.0
G0413,14,0.0,0.0
G0413,15,0.0,0.0
G0413,16,0.0,0.0
G0413,17,0.0,0.0
G0413,18,0.0,0.0
G0413,19,0.0,0.0
G0413,20,0.0,0.0
G0413,21,0.0,0.0
G0413,22,0.0,0.0
G0413,23,0.0,0.0
G0413,24,0.0,0.0
G0441,1,0.0,0.0
G0441,2,0.0,0.0
G0441,3,0.0,0.0
G0441,4,0.0,0.0
G0441,5,0.0,0.0
G0441,6,0.0,0.0
G0441,7,0.0,0.0
G0441,8,0.0,0.0
G0441,9,0.0,0.0
G0441,10,0.0,0.0
G0441,11,0.0,0.0
G0441,12,0.0,0.0
G0441,13,0.0,0.0
G0441,14,0.0,0.0
G0441,15,0.0,0.0
G0441,16,0.0,0.0
G0441,17,0.0,0.0
G0441,18,0.0,0.0
G0441,19,0.0,0.0
G0441,20,0.0,0.0
G0441,21,0.0,0.0
G0441,22,0.0,0.0
G0441,23,0.0,0.0
G0441,24,0.0,0.0
G0447,1,0.0,0.0
G0447,2,0.0,0.0
G0447,3,0.0,0.0
G0447,4,0.0,0.0
G0447,5,0.0,0.0
G0447,6,0.0,0.0
G0447,7,0.0,0.0
G0447,8,0.0,0.0
G0447,9,0.0,0.0
G0447,10,0.0,0.0
G0447,11,0.0,0.0
G0447,12,0.0,0.0
G0447,13,0.0,0.0
G0447,14,0.0,0.0
G0447,15,0.0,0.0
G0447,16,0.0,0.0
G0447,17,0.0,0.0
G0447,18,0.0,0.0
G0447,19,0.0,0.0
G0447,20,0.0,0.0
G0447,21,0.0,0.0
G0447,22,0.0,0.0
G0447,23,0.0,0.0
G0447,24,0.0,0.0
G0448,1,0.0,0.0
G0448,2,0.0,0.0
G0448,3,0.0,0.0
G0448,4,0.0,0.0
G0448,5,0.0,0.0
G0448,6,0.0,0.0
G0448,7,0.0,0.0
G0448,8,0.0,0.0
G0448,9,0.0,0.0
G0448,10,0.0,0.0
G0448,11,0.0,0.0
G0448,12,0.0,0.0
G0448,13,0.0,0.0
G0448,14,0.0,0.0
G0448,15,0.0,0.0
G0448,16,0.0,0.0
G0448,17,0.0,0.0
G0448,18,0.0,0.0
G0448,19,0.0,0.0
G0448,20,0.0,0.0
G0448,21,0.0,0.0
G0448,22,0.0,0.0
G0448,23,0.0,0.0
G0448,24,0.0,0.0
G0456,1,0.0,0.0
G0456,2,0.0,0.0
G0456,3,0.0,0.0
G0456,4,0.0,0.0
G0456,5,0.0,0.0
G0456,6,0.0,0.0
G0456,7,0.0,0.0
G0456,8,0.0,0.0
G0456,9,0.0,0.0
G0456,10,0.0,0.0
G0456,11,0.0,0.0
G0456,12,0.0,0.0
G0456,13,0.0,0.0
G0456,14,0.0,0.0
G0456,15,0.0,0.0
G0456,16,0.0,0.0
G0456,17,0.0,0.0
G0456,18,0.0,0.0
G0456,19,0.0,0.0
G0456,20,0.0,0.0
G0456,21,0.0,0.0
G0456,22,0.0,0.0
G0456,23,0.0,0.0
G0456,24,0.0,0.0
G0459,1,0.0,0.0
G0459,2,0.0,0.0
G0459,3,0.0,0.0
G0459,4,0.0,0.0
G0459,5,0.0,0.0
G0459,6,0.0,0.0
G0459,7,0.0,0.0
G0459,8,0.0,0.0
G0459,9,0.0,0.0
G0459,10,0.0,0.0
G0459,11,0.0,0.0
G0459,12,0.0,0.0
G0459,13,0.0,0.0
G0459,14,0.0,0.0
G0459,15,0.0,0.0
G0459,16,0.0,0.0
G0459,17,0.0,0.0
G0459,18,0.0,0.0
G0459,19,0.0,0.0
G0459,20,0.0,0.0
G0459,21,0.0,0.0
G0459,22,0.0,0.0
G0459,23,0.0,0.0
G0459,24,0.0,0.0
G0461,1,0.0,0.0
G0461,2,0.0,0.0
G0461,3,0.0,0.0
G0461,4,0.0,0.0
G0461,5,0.0,0.0
G0461,6,0.0,0.0
G0461,7,0.0,0.0
G0461,8,0.0,0.0
G0461,9,0.0,0.0
G0461,10,0.0,0.0
G0461,11,0.0,0.0
G0461,12,0.0,0.0
G0461,13,0.0,0.0
G0461,14,0.0,0.0
G0461,15,0.0,0.0
G0461,16,0.0,0.0
G0461,17,0.0,0.0
G0461,18,0.0,0.0
G0461,19,0.0,0.0
G0461,20,0.0,0.0
G0461,21,0.0,0.0
G0461,22,0.0,0.0
G0461,23,0.0,0.0
G0461,24,0.0,0.0
G0462,1,0.0,0.0
G0462,2,0.0,0.0
G0462,3,0.0,0.0
G0462,4,0.0,0.0
G0462,5,0.0,0.0
G0462,6,0.0,0.0
G0462,7,0.0,0.0
G0462,8,0.0,0.0
G0462,9,0.0,0.0
G0462,10,0.0,0.0
G0462,11,0.0,0.0
G0462,12,0.0,0.0
G0462,13,0.0,0.0
G0462,14,0.0,0.0
G0462,15,0.0,0.0
G0462,16,0.0,0.0
G0462,17,0.0,0.0
G0462,18,0.0,0.0
G0462,19,0.0,0.0
G0462,20,0.0,0.0
G0462,21,0.0,0.0
G0462,22,0.0,0.0
G0462,23,0.0,0.0
G0462,24,0.0,0.0
G0523,1,0.0,0.0
G0523,2,0.0,0.0
G0523,3,0.0,0.0
G0523,4,0.0,0.0
G0523,5,0.0,0.0
G0523,6,0.0,0.0
G0523,7,0.0,0.0
G0523,8,0.0,0.0
G0523,9,0.0,0.0
G0523,10,0.0,0.0
G0523,11,0.0,0.0
G0523,12,0.0,0.0
G0523,13,0.0,0.0
G0523,14,0.0,0.0
G0523,15,0.0,0.0
G0523,16,0.0,0.0
G0523,17,0.0,0.0
G0523,18,0.0,0.0
G0523,19,0.0,0.0
G0523,20,0.0,0.0
G0523,21,0.0,0.0
G0523,22,0.0,0.0
G0523,23,0.0,0.0
G0523,24,0.0,0.0
G0528,1,0.0,0.0
G0528,2,0.0,0.0
G0528,3,0.0,0.0
G0528,4,0.0,0.0
G0528,5,0.0,0.0
G0528,6,0.0,0.0
G0528,7,0.0,0.0
G0528,8,0.0,0.0
G0528,9,0.0,0.0
G0528,10,0.0,0.0
G0528,11,0.0,0.0
G0528,12,0.0,0.0
G0528,13,0.0,0.0
G0528,14,0.0,0.0
G0528,15,0.0,0.0
G0528,16,0.0,0.0
G0528,17,0.0,0.0
G0528,18,0.0,0.0
G0528,19,0.0,0.0
G0528,20,0.0,0.0
G0528,21,0.0,0.0
G0528,22,0.0,0.0
G0528,23,0.0,0.0
G0528,24,0.0,0.0
G0530,1,0.0,0.0
G0530,2,0.0,0.0
G0530,3,0.0,0.0
G0530,4,0.0,0.0
G0530,5,0.0,0.0
G0530,6,0.0,0.0
G0530,7,0.0,0.0
G0530,8,0.0,0.0
G0530,9,0.0,0.0
G0530,10,0.0,0.0
G0530,11,0.0,0.0
G0530,12,0.0,0.0
G0530,13,0.0,0.0
G0530,14,0.0,0.0
G0530,15,0.0,0.0
G0530,16,0.0,0.0
G0530,17,0.0,0.0
G0530,18,0.0,0.0
G0530,19,0.0,0.0
G0530,20,0.0,0.0
G0530,21,0.0,0.0
G0530,22,0.0,0.0
G0530,23,0.0,0.0
G0530,24,0.0,0.0
G0546,1,0.0,0.0
G0546,2,0.0,0.0
G0546,3,0.0,0.0
G0546,4,0.0,0.0
G0546,5,0.0,0.0
G0546,6,0.0,0.0
G0546,7,0.0,0.0
G0546,8,0.0,0.0
G0546,9,0.0,0.0
G0546,10,0.0,0.0
G0546,11,0.0,0.0
G0546,12,0.0,0.0
G0546,13,0.0,0.0
G0546,14,0.0,0.0
G0546,15,0.0,0.0
G0546,16,0.0,0.0
G0546,17,0.0,0.0
G0546,18,0.0,0.0
G0546,19,0.0,0.0
G0546,20,0.0,0.0
G0546,21,0.0,0.0
G0546,22,0.0,0.0
G0546,23,0.0,0.0
G0546,24,0.0,0.0
G0552,1,0.0,0.0
G0552,2,0.0,0.0
G0552,3,0.0,0.0
G0552,4,0.0,0.0
G0552,5,0.0,0.0
G0552,6,0.0,0.0
G0552,7,0.0,0.0
G0552,8,0.0,0.0
G0552,9,0.0,0.0
G0552,10,0.0,0.0
G0552,11,0.0,0.0
G0552,12,0.0,0.0
G0552,13,0.0,0.0
G0552,14,0.0,0.0
G0552,15,0.0,0.0
G0552,16,0.0,0.0
G0552,17,0.0,0.0
G0552,18,0.0,0.0
G0552,19,0.0,0.0
G0552,20,0.0,0.0
G0552,21,0.0,0.0
G0552,22,0.0,0.0
G0552,23,0.0,0.0
G0552,24,0.0,0.0
G0565,1,0.0,0.0
G0565,2,0.0,0.0
G0565,3,0.0,0.0
G0565,4,0.0,0.0
G0565,5,0.0,0.0
G0565,6,0.0,0.0
G0565,7,0.0,0.0
G0565,8,0.0,0.0
G0565,9,0.0,0.0
G0565,10,0.0,0.0
G0565,11,0.0,0.0
G0565,12,0.0,0.0
G0565,13,0.0,0.0
G0565,14,0.0,0.0
G0565,15,0.0,0.0
G0565,16,0.0,0.0
G0565,17,0.0,0.0
G0565,18,0.0,0.0
G0565,19,0.0,0.0
G0565,20,0.0,0.0
G0565,21,0.0,0.0
G0565,22,0.0,0.0
G0565,23,0.0,0.0
G0565,24,0.0,0.0
G0586,1,0.0,0.0
G0586,2,0.0,0.0
G0586,3,0.0,0.0
G0586,4,0.0,0.0
G0586,5,0.0,0.0
G0586,6,0.0,0.0
G0586,7,0.0,0.0
G0586,8,0.0,0.0
G0586,9,0.0,0.0
G0586,10,0.0,0.0
G0586,11,0.0,0.0
G0586,12,0.0,0.0
G0586,13,0.0,0.0
G0586,14,0.0,0.0
G0586,15,0.0,0.0
G0586,16,0.0,0.0
G0586,17,0.0,0.0
G0586,18,0.0,0.0
G0586,19,0.0,0.0
G0586,20,0.0,0.0
G0586,21,0.0,0.0
G0586,22,0.0,0.0
G0586,23,0.0,0.0
G0586,24,0.0,0.0
G0587,1,0.0,0.0
G0587,2,0.0,0.0
G0587,3,0.0,0.0
G0587,4,0.0,0.0
G0587,5,0.0,0.0
G0587,6,0.0,0.0
G0587,7,0.0,0.0
G0587,8,0.0,0.0
G0587,9,0.0,0.0
G0587,10,0.0,0.0
G0587,11,0.0,0.0
G0587,12,0.0,0.0
G0587,13,0.0,0.0
G0587,14,0.0,0.0
G0587,15,0.0,0.0
G0587,16,0.0,0.0
G0587,17,0.0,0.0
G0587,18,0.0,0.0
G0587,19,0.0,0.0
G0587,20,0.0,0.0
G0587,21,0.0,0.0
G0587,22,0.0,0.0
G0587,23,0.0,0.0
G0587,24,0.0,0.0
G0627,1,0.0,0.0
G0627,2,0.0,0.0
G0627,3,0.0,0.0
G0627,4,0.0,0.0
G0627,5,0.0,0.0
G0627,6,0.0,0.0
G0627,7,0.0,0.0
G0627,8,0.0,0.0
G0627,9,0.0,0.0
G0627,10,0.0,0.0
G0627,11,0.0,0.0
G0627,12,0.0,0.0
G0627,13,0.0,0.0
G0627,14,0.0,0.0
G0627,15,0.0,0.0
G0627,16,0.0,0.0
G0627,17,0.0,0.0
G0627,18,0.0,0.0
G0627,19,0.0,0.0
G0627,20,0.0,0.0
G0627,21,0.0,0.0
G0627,22,0.0,0.0
G0627,23,0.0,0.0
G0627,24,0.0,0.0
G0686,1,0.0,0.0
G0686,2,0.0,0.0
G0686,3,0.0,0.0
G0686,4,0.0,0.0
G0686,5,0.0,0.0
G0686,6,0.0,0.0
G0686,7,0.0,0.0
G0686,8,0.0,0.0
G0686,9,0.0,0.0
G0686,10,0.0,0.0
G0686,11,0.0,0.0
G0686,12,0.0,0.0
G0686,13,0.0,0.0
G0686,14,0.0,0.0
G0686,15,0.0,0.0
G0686,16,0.0,0.0
G0686,17,0.0,0.0
G0686,18,0.0,0.0
G0686,19,0.0,0.0
G0686,20,0.0,0.0
G0686,21,0.0,0.0
G0686,22,0.0,0.0
G0686,23,0.0,0.0
G0686,24,0.0,0.0
G0697,1,0.0,0.0
G0697,2,0.0,0.0
G0697,3,0.0,0.0
G0697,4,0.0,0.0
G0697,5,0.0,0.0
G0697,6,0.0,0.0
G0697,7,0.0,0.0
G0697,8,0.0,0.0
G0697,9,0.0,0.0
G0697,10,0.0,0.0
G0697,11,0.0,0.0
G0697,12,0.0,0.0
G0697,13,0.0,0.0
G0697,14,0.0,0.0
G0697,15,0.0,0.0
G0697,16,0.0,0.0
G0697,17,0.0,0.0
G0697,18,0.0,0.0
G0697,19,0.0,0.0
G0697,20,0.0,0.0
G0697,21,0.0,0.0
G0697,22,0.0,0.0
G0697,23,0.0,0.0
G0697,24,0.0,0.0
G0736,1,0.0,0.0
G0736,2,0.0,0.0
G0736,3,0.0,0.0
G0736,4,0.0,0.0
G0736,5,0.0,0.0
G0736,6,0.0,0.0
G0736,7,0.0,0.0
G0736,8,0.0,0.0
G0736,9,0.0,0.0
G0736,10,0.0,0.0
G0736,11,0.0,0.0
G0736,12,0.0,0.0
G0736,13,0.0,0.0
G0736,14,0.0,0.0
G0736,15,0.0,0.0
G0736,16,0.0,0.0
G0736,17,0.0,0.0
G0736,18,0.0,0.0
G0736,19,0.0,0.0
G0736,20,0.0,0.0
G0736,21,0.0,0.0
G0736,22,0.0,0.0
G0736,23,0.0,0.0
G0736,24,0.0,0.0
G0745,1,0.0,0.0
G0745,2,0.0,0.0
G0745,3,0.0,0.0
G0745,4,0.0,0.0
G0745,5,0.0,0.0
G0745,6,0.0,0.0
G0745,7,0.0,0.0
G0745,8,0.0,0.0
G0745,9,0.0,0.0
G0745,10,0.0,0.0
G0745,11,0.0,0.0
G0745,12,0.0,0.0
G0745,13,0.0,0.0
G0745,14,0.0,0.0
G0745,15,0.0,0.0
G0745,16,0.0,0.0
G0745,17,0.0,0.0
G0745,18,0.0,0.0
G0745,19,0.0,0.0
G0745,20,0.0,0.0
G0745,21,0.0,0.0
G0745,22,0.0,0.0
G0745,23,0.0,0.0
G0745,24,0.0,0.0
G0749,1,0.0,0.0
G0749,2,0.0,0.0
G0749,3,0.0,0.0
G0749,4,0.0,0.0
G0749,5,0.0,0.0
G0749,6,0.0,0.0
G0749,7,0.0,0.0
G0749,8,0.0,0.0
G0749,9,0.0,0.0
G0749,10,0.0,0.0
G0749,11,0.0,0.0
G0749,12,0.0,0.0
G0749,13,0.0,0.0
G0749,14,0.0,0.0
G0749,15,0.0,0.0
G0749,16,0.0,0.0
G0749,17,0.0,0.0
G0749,18,0.0,0.0
G0749,19,0.0,0.0
G0749,20,0.0,0.0
G0749,21,0.0,0.0
G0749,22,0.0,0.0
G0749,23,0.0,0.0
G0749,24,0.0,0.0
G0754,1,0.0,0.0
G0754,2,0.0,0.0
G0754,3,0.0,0.0
G0754,4,0.0,0.0
G0754,5,0.0,0.0
G0754,6,0.0,0.0
G0754,7,0.0,0.0
G0754,8,0.0,0.0
G0754,9,0.0,0.0
G0754,10,0.0,0.0
G0754,11,0.0,0.0
G0754,12,0.0,0.0
G0754,13,0.0,0.0
G0754,14,0.0,0.0
G0754,15,0.0,0.0
G0754,16,0.0,0.0
G0754,17,0.0,0.0
G0754,18,0.0,0.0
G0754,19,0.0,0.0
G0754,20,0.0,0.0
G0754,21,0.0,0.0
G0754,22,0.0,0.0
G0754,23,0.0,0.0
G0754,24,0.0,0.0
G0780,1,0.0,0.0
G0780,2,0.0,0.0
G0780,3,0.0,0.0
G0780,4,0.0,0.0
G0780,5,0.0,0.0
G0780,6,0.0,0.0
G0780,7,0.0,0.0
G0780,8,0.0,0.0
G0780,9,0.0,0.0
G0780,10,0.0,0.0
G0780,11,0.0,0.0
G0780,12,0.0,0.0
G0780,13,0.0,0.0
G0780,14,0.0,0.0
G0780,15,0.0,0.0
G0780,16,0.0,0.0
G0780,17,0.0,0.0
G0780,18,0.0,0.0
G0780,19,0.0,0.0
G0780,20,0.0,0.0
G0780,21,0.0,0.0
G0780,22,0.0,0.0
G0780,23,0.0,0.0
G0780,24,0.0,0.0
G0788,1,0.0,0.0
G0788,2,0.0,0.0
G0788,3,0.0,0.0
G0788,4,0.0,0.0
G0788,5,0.0,0.0
G0788,6,0.0,0.0
G0788,7,0.0,0.0
G0788,8,0.0,0.0
G0788,9,0.0,0.0
G0788,10,0.0,0.0
G0788,11,0.0,0.0
G0788,12,0.0,0.0
G0788,13,0.0,0.0
G0788,14,0.0,0.0
G0788,15,0.0,0.0
G0788,16,0.0,0.0
G0788,17,0.0,0.0
G0788,18,0.0,0.0
G0788,19,0.0,0.0
G0788,20,0.0,0.0
G0788,21,0.0,0.0
G0788,22,0.0,0.0
G0788,23,0.0,0.0
G0788,24,0.0,0.0
G0789,1,0.0,0.0
G0789,2,0.0,0.0
G0789,3,0.0,0.0
G0789,4,0.0,0.0
G0789,5,0.0,0.0
G0789,6,0.0,0.0
G0789,7,0.0,0.0
G0789,8,0.0,0.0
G0789,9,0.0,0.0
G0789,10,0.0,0.0
G0789,11,0.0,0.0
G0789,12,0.0,0.0
G0789,13,0.0,0.0
G0789,14,0.0,0.0
G0789,15,0.0,0.0
G0789,16,0.0,0.0
G0789,17,0.0,0.0
G0789,18,0.0,0.0
G0789,19,0.0,0.0
G0789,20,0.0,0.0
G0789,21,0.0,0.0
G0789,22,0.0,0.0
G0789,23,0.0,0.0
G0789,24,0.0,0.0
G0790,1,0.0,0.0
G0790,2,0.0,0.0
G0790,3,0.0,0.0
G0790,4,0.0,0.0
G0790,5,0.0,0.0
G0790,6,0.0,0.0
G0790,7,0.0,0.0
G0790,8,0.0,0.0
G0790,9,0.0,0.0
G0790,10,0.0,0.0
G0790,11,0.0,0.0
G0790,12,0.0,0.0
G0790,13,0.0,0.0
G0790,14,0.0,0.0
G0790,15,0.0,0.0
G0790,16,0.0,0.0
G0790,17,0.0,0.0
G0790,18,0.0,0.0
G0790,19,0.0,0.0
G0790,20,0.0,0.0
G0790,21,0.0,0.0
G0790,22,0.0,0.0
G0790,23,0.0,0.0
G0790,24,0.0,0.0
G0802,1,0.0,0.0
G0802,2,0.0,0.0
G0802,3,0.0,0.0
G0802,4,0.0,0.0
G0802,5,0.0,0.0
G0802,6,0.0,0.0
G0802,7,0.0,0.0
G0802,8,0.0,0.0
G0802,9,0.0,0.0
G0802,10,0.0,0.0
G0802,11,0.0,0.0
G0802,12,0.0,0.0
G0802,13,0.0,0.0
G0802,14,0.0,0.0
G0802,15,0.0,0.0
G0802,16,0.0,0.0
G0802,17,0.0,0.0
G0802,18,0.0,0.0
G0802,19,0.0,0.0
G0802,20,0.0,0.0
G0802,21,0.0,0.0
G0802,22,0.0,0.0
G0802,23,0.0,0.0
G0802,24,0.0,0.0
G0814,1,0.0,0.0
G0814,2,0.0,0.0
G0814,3,0.0,0.0
G0814,4,0.0,0.0
G0814,5,0.0,0.0
G0814,6,0.0,0.0
G0814,7,0.0,0.0
G0814,8,0.0,0.0
G0814,9,0.0,0.0
G0814,10,0.0,0.0
G0814,11,0.0,0.0
G0814,12,0.0,0.0
G0814,13,0.0,0.0
G0814,14,0.0,0.0
G0814,15,0.0,0.0
G0814,16,0.0,0.0
G0814,17,0.0,0.0
G0814,18,0.0,0.0
G0814,19,0.0,0.0
G0814,20,0.0,0.0
G0814,21,0.0,0.0
G0814,22,0.0,0.0
G0814,23,0.0,0.0
G0814,24,0.0,0.0
G0818,1,0.0,0.0
G0818,2,0.0,0.0
G0818,3,0.0,0.0
G0818,4,0.0,0.0
G0818,5,0.0,0.0
G0818,6,0.0,0.0
G0818,7,0.0,0.0
G0818,8,0.0,0.0
G0818,9,0.0,0.0
G0818,10,0.0,0.0
G0818,11,0.0,0.0
G0818,12,0.0,0.0
G0818,13,0.0,0.0
G0818,14,0.0,0.0
G0818,15,0.0,0.0
G0818,16,0.0,0.0
G0818,17,0.0,0.0
G0818,18,0.0,0.0
G0818,19,0.0,0.0
G0818,20,0.0,0.0
G0818,21,0.0,0.0
G0818,22,0.0,0.0
G0818,23,0.0,0.0
G0818,24,0.0,0.0
G0910,1,0.0,0.0
G0910,2,0.0,0.0
G0910,3,0.0,0.0
G0910,4,0.0,0.0
G0910,5,0.0,0.0
G0910,6,0.0,0.0
G0910,7,0.0,0.0
G0910,8,0.0,0.0
G0910,9,0.0,0.0
G0910,10,0.0,0.0
G0910,11,0.0,0.0
G0910,12,0.0,0.0
G0910,13,0.0,0.0
G0910,14,0.0,0.0
G0910,15,0.0,0.0
G0910,16,0.0,0.0
G0910,17,0.0,0.0
G0910,18,0.0,0.0
G0910,19,0.0,0.0
G0910,20,0.0,0.0
G0910,21,0.0,0.0
G0910,22,0.0,0.0
G0910,23,0.0,0.0
G0910,24,0.0,0.0
G0911,1,0.0,0.0
G0911,2,0.0,0.0
G0911,3,0.0,0.0
G0911,4,0.0,0.0
G0911,5,0.0,0.0
G0911,6,0.0,0.0
G0911,7,0.0,0.0
G0911,8,0.0,0.0
G0911,9,0.0,0.0
G0911,10,0.0,0.0
G0911,11,0.0,0.0
G0911,12,0.0,0.0
G0911,13,0.0,0.0
G0911,14,0.0,0.0
G0911,15,0.0,0.0
G0911,16,0.0,0.0
G0911,17,0.0,0.0
G0911,18,0.0,0.0
G0911,19,0.0,0.0
G0911,20,0.0,0.0
G0911,21,0.0,0.0
G0911,22,0.0,0.0
G0911,23,0.0,0.0
G0911,24,0.0,0.0
G0110,1,0.0,0.0
G0110,2,0.0,0.0
G0110,3,0.0,0.0
G0110,4,0.0,0.0
G0110,5,0.0,0.0
G0110,6,0.0,0.0
G0110,7,0.0,0.0
G0110,8,0.0,0.0
G0110,9,0.0,0.0
G0110,10,0.0,0.0
G0110,11,0.0,0.0
G0110,12,0.0,0.0
G0110,13,0.0,0.0
G0110,14,0.0,0.0
G0110,15,0.0,0.0
G0110,16,0.0,0.0
G0110,17,0.0,0.0
G0110,18,0.0,0.0
G0110,19,0.0,0.0
G0110,20,0.0,0.0
G0110,21,0.0,0.0
G0110,22,0.0,0.0
G0110,23,0.0,0.0
G0110,24,0.0,0.0
G0112,1,0.0,0.0
G0112,2,0.0,0.0
G0112,3,0.0,0.0
G0112,4,0.0,0.0
G0112,5,0.0,0.0
G0112,6,0.0,0.0
G0112,7,0.0,0.0
G0112,8,0.0,0.0
G0112,9,0.0,0.0
G0112,10,0.0,0.0
G0112,11,0.0,0.0
G0112,12,0.0,0.0
G0112,13,0.0,0.0
G0112,14,0.0,0.0
G0112,15,0.0,0.0
G0112,16,0.0,0.0
G0112,17,0.0,0.0
G0112,18,0.0,0.0
G0112,19,0.0,0.0
G0112,20,0.0,0.0
G0112,21,0.0,0.0
G0112,22,0.0,0.0
G0112,23,0.0,0.0
G0112,24,0.0,0.0
G0117,1,0.0,0.0
G0117,2,0.0,0.0
G0117,3,0.0,0.0
G0117,4,0.0,0.0
G0117,5,0.0,0.0
G0117,6,0.0,0.0
G0117,7,0.0,0.0
G0117,8,0.0,0.0
G0117,9,0.0,0.0
G0117,10,0.0,0.0
G0117,11,0.0,0.0
G0117,12,0.0,0.0
G0117,13,0.0,0.0
G0117,14,0.0,0.0
G0117,15,0.0,0.0
G0117,16,0.0,0.0
G0117,17,0.0,0.0
G0117,18,0.0,0.0
G0117,19,0.0,0.0
G0117,20,0.0,0.0
G0117,21,0.0,0.0
G0117,22,0.0,0.0
G0117,23,0.0,0.0
G0117,24,0.0,0.0
G0195,1,0.0,0.0
G0195,2,0.0,0.0
G0195,3,0.0,0.0
G0195,4,0.0,0.0
G0195,5,0.0,0.0
G0195,6,0.0,0.0
G0195,7,0.0,0.0
G0195,8,0.0,0.0
G0195,9,0.0,0.0
G0195,10,0.0,0.0
G0195,11,0.0,0.0
G0195,12,0.0,0.0
G0195,13,0.0,0.0
G0195,14,0.0,0.0
G0195,15,0.0,0.0
G0195,16,0.0,0.0
G0195,17,0.0,0.0
G0195,18,0.0,0.0
G0195,19,0.0,0.0
G0195,20,0.0,0.0
G0195,21,0.0,0.0
G0195,22,0.0,0.0
G0195,23,0.0,0.0
G0195,24,0.0,0.0
G0197,1,0.0,0.0
G0197,2,0.0,0.0
G0197,3,0.0,0.0
G0197,4,0.0,0.0
G0197,5,0.0,0.0
G0197,6,0.0,0.0
G0197,7,0.0,0.0
G0197,8,0.0,0.0
G0197,9,0.0,0.0
G0197,10,0.0,0.0
G0197,11,0.0,0.0
G0197,12,0.0,0.0
G0197,13,0.0,0.0
G0197,14,0.0,0.0
G0197,15,0.0,0.0
G0197,16,0.0,0.0
G0197,17,0.0,0.0
G0197,18,0.0,0.0
G0197,19,0.0,0.0
G0197,20,0.0,0.0
G0197,21,0.0,0.0
G0197,22,0.0,0.0
G0197,23,0.0,0.0
G0197,24,0.0,0.0
G0198,1,0.0,0.0
G0198,2,0.0,0.0
G0198,3,0.0,0.0
G0198,4,0.0,0.0
G0198,5,0.0,0.0
G0198,6,0.0,0.0
G0198,7,0.0,0.0
G0198,8,0.0,0.0
G0198,9,0.0,0.0
G0198,10,0.0,0.0
G0198,11,0.0,0.0
G0198,12,0.0,0.0
G0198,13,0.0,0.0
G0198,14,0.0,0.0
G0198,15,0.0,0.0
G0198,16,0.0,0.0
G0198,17,0.0,0.0
G0198,18,0.0,0.0
G0198,19,0.0,0.0
G0198,20,0.0,0.0
G0198,21,0.0,0.0
G0198,22,0.0,0.0
G0198,23,0.0,0.0
G0198,24,0.0,0.0
G0200,1,0.0,0.0
G0200,2,0.0,0.0
G0200,3,0.0,0.0
G0200,4,0.0,0.0
G0200,5,0.0,0.0
G0200,6,0.0,0.0
G0200,7,0.0,0.0
G0200,8,0.0,0.0
G0200,9,0.0,0.0
G0200,10,0.0,0.0
G0200,11,0.0,0.0
G0200,12,0.0,0.0
G0200,13,0.0,0.0
G0200,14,0.0,0.0
G0200,15,0.0,0.0
G0200,16,0.0,0.0
G0200,17,0.0,0.0
G0200,18,0.0,0.0
G0200,19,0.0,0.0
G0200,20,0.0,0.0
G0200,21,0.0,0.0
G0200,22,0.0,0.0
G0200,23,0.0,0.0
G0200,24,0.0,0.0
G0201,1,0.0,0.0
G0201,2,0.0,0.0
G0201,3,0.0,0.0
G0201,4,0.0,0.0
G0201,5,0.0,0.0
G0201,6,0.0,0.0
G0201,7,0.0,0.0
G0201,8,0.0,0.0
G0201,9,0.0,0.0
G0201,10,0.0,0.0
G0201,11,0.0,0.0
G0201,12,0.0,0.0
G0201,13,0.0,0.0
G0201,14,0.0,0.0
G0201,15,0.0,0.0
G0201,16,0.0,0.0
G0201,17,0.0,0.0
G0201,18,0.0,0.0
G0201,19,0.0,0.0
G0201,20,0.0,0.0
G0201,21,0.0,0.0
G0201,22,0.0,0.0
G0201,23,0.0,0.0
G0201,24,0.0,0.0
G0202,1,0.0,0.0
G0202,2,0.0,0.0
G0202,3,0.0,0.0
G0202,4,0.0,0.0
G0202,5,0.0,0.0
G0202,6,0.0,0.0
G0202,7,0.0,0.0
G0202,8,0.0,0.0
G0202,9,0.0,0.0
G0202,10,0.0,0.0
G0202,11,0.0,0.0
G0202,12,0.0,0.0
G0202,13,0.0,0.0
G0202,14,0.0,0.0
G0202,15,0.0,0.0
G0202,16,0.0,0.0
G0202,17,0.0,0.0
G0202,18,0.0,0.0
G0202,19,0.0,0.0
G0202,20,0.0,0.0
G0202,21,0.0,0.0
G0202,22,0.0,0.0
G0202,23,0.0,0.0
G0202,24,0.0,0.0
G0203,1,0.0,0.0
G0203,2,0.0,0.0
G0203,3,0.0,0.0
G0203,4,0.0,0.0
G0203,5,0.0,0.0
G0203,6,0.0,0.0
G0203,7,0.0,0.0
G0203,8,0.0,0.0
G0203,9,0.0,0.0
G0203,10,0.0,0.0
G0203,11,0.0,0.0
G0203,12,0.0,0.0
G0203,13,0.0,0.0
G0203,14,0.0,0.0
G0203,15,0.0,0.0
G0203,16,0.0,0.0
G0203,17,0.0,0.0
G0203,18,0.0,0.0
G0203,19,0.0,0.0
G0203,20,0.0,0.0
G0203,21,0.0,0.0
G0203,22,0.0,0.0
G0203,23,0.0,0.0
G0203,24,0.0,0.0
G0338,1,0.0,0.0
G0338,2,0.0,0.0
G0338,3,0.0,0.0
G0338,4,0.0,0.0
G0338,5,0.0,0.0
G0338,6,0.0,0.0
G0338,7,0.0,0.0
G0338,8,0.0,0.0
G0338,9,0.0,0.0
G0338,10,0.0,0.0
G0338,11,0.0,0.0
G0338,12,0.0,0.0
G0338,13,0.0,0.0
G0338,14,0.0,0.0
G0338,15,0.0,0.0
G0338,16,0.0,0.0
G0338,17,0.0,0.0
G0338,18,0.0,0.0
G0338,19,0.0,0.0
G0338,20,0.0,0.0
G0338,21,0.0,0.0
G0338,22,0.0,0.0
G0338,23,0.0,0.0
G0338,24,0.0,0.0
G0503,1,0.0,0.0
G0503,2,0.0,0.0
G0503,3,0.0,0.0
G0503,4,0.0,0.0
G0503,5,0.0,0.0
G0503,6,0.0,0.0
G0503,7,0.0,0.0
G0503,8,0.0,0.0
G0503,9,0.0,0.0
G0503,10,0.0,0.0
G0503,11,0.0,0.0
G0503,12,0.0,0.0
G0503,13,0.0,0.0
G0503,14,0.0,0.0
G0503,15,0.0,0.0
G0503,16,0.0,0.0
G0503,17,0.0,0.0
G0503,18,0.0,0.0
G0503,19,0.0,0.0
G0503,20,0.0,0.0
G0503,21,0.0,0.0
G0503,22,0.0,0.0
G0503,23,0.0,0.0
G0503,24,0.0,0.0
G0504,1,0.0,0.0
G0504,2,0.0,0.0
G0504,3,0.0,0.0
G0504,4,0.0,0.0
G0504,5,0.0,0.0
G0504,6,0.0,0.0
G0504,7,0.0,0.0
G0504,8,0.0,0.0
G0504,9,0.0,0.0
G0504,10,0.0,0.0
G0504,11,0.0,0.0
G0504,12,0.0,0.0
G0504,13,0.0,0.0
G0504,14,0.0,0.0
G0504,15,0.0,0.0
G0504,16,0.0,0.0
G0504,17,0.0,0.0
G0504,18,0.0,0.0
G0504,19,0.0,0.0
G0504,20,0.0,0.0
G0504,21,0.0,0.0
G0504,22,0.0,0.0
G0504,23,0.0,0.0
G0504,24,0.0,0.0
G0526,1,0.0,0.0
G0526,2,0.0,0.0
G0526,3,0.0,0.0
G0526,4,0.0,0.0
G0526,5,0.0,0.0
G0526,6,0.0,0.0
G0526,7,0.0,0.0
G0526,8,0.0,0.0
G0526,9,0.0,0.0
G0526,10,0.0,0.0
G0526,11,0.0,0.0
G0526,12,0.0,0.0
G0526,13,0.0,0.0
G0526,14,0.0,0.0
G0526,15,0.0,0.0
G0526,16,0.0,0.0
G0526,17,0.0,0.0
G0526,18,0.0,0.0
G0526,19,0.0,0.0
G0526,20,0.0,0.0
G0526,21,0.0,0.0
G0526,22,0.0,0.0
G0526,23,0.0,0.0
G0526,24,0.0,0.0
G0527,1,0.0,0.0
G0527,2,0.0,0.0
G0527,3,0.0,0.0
G0527,4,0.0,0.0
G0527,5,0.0,0.0
G0527,6,0.0,0.0
G0527,7,0.0,0.0
G0527,8,0.0,0.0
G0527,9,0.0,0.0
G0527,10,0.0,0.0
G0527,11,0.0,0.0
G0527,12,0.0,0.0
G0527,13,0.0,0.0
G0527,14,0.0,0.0
G0527,15,0.0,0.0
G0527,16,0.0,0.0
G0527,17,0.0,0.0
G0527,18,0.0,0.0
G0527,19,0.0,0.0
G0527,20,0.0,0.0
G0527,21,0.0,0.0
G0527,22,0.0,0.0
G0527,23,0.0,0.0
G0527,24,0.0,0.0
G0531,1,0.0,0.0
G0531,2,0.0,0.0
G0531,3,0.0,0.0
G0531,4,0.0,0.0
G0531,5,0.0,0.0
G0531,6,0.0,0.0
G0531,7,0.0,0.0
G0531,8,0.0,0.0
G0531,9,0.0,0.0
G0531,10,0.0,0.0
G0531,11,0.0,0.0
G0531,12,0.0,0.0
G0531,13,0.0,0.0
G0531,14,0.0,0.0
G0531,15,0.0,0.0
G0531,16,0.0,0.0
G0531,17,0.0,0.0
G0531,18,0.0,0.0
G0531,19,0.0,0.0
G0531,20,0.0,0.0
G0531,21,0.0,0.0
G0531,22,0.0,0.0
G0531,23,0.0,0.0
G0531,24,0.0,0.0
G0649,1,0.0,0.0
G0649,2,0.0,0.0
G0649,3,0.0,0.0
G0649,4,0.0,0.0
G0649,5,0.0,0.0
G0649,6,0.0,0.0
G0649,7,0.0,0.0
G0649,8,0.0,0.0
G0649,9,0.0,0.0
G0649,10,0.0,0.0
G0649,11,0.0,0.0
G0649,12,0.0,0.0
G0649,13,0.0,0.0
G0649,14,0.0,0.0
G0649,15,0.0,0.0
G0649,16,0.0,0.0
G0649,17,0.0,0.0
G0649,18,0.0,0.0
G0649,19,0.0,0.0
G0649,20,0.0,0.0
G0649,21,0.0,0.0
G0649,22,0.0,0.0
G0649,23,0.0,0.0
G0649,24,0.0,0.0
G0116,1,0.0,0.0
G0116,2,0.0,0.0
G0116,3,0.0,0.0
G0116,4,0.0,0.0
G0116,5,0.0,0.0
G0116,6,0.0,0.0
G0116,7,0.0,0.0
G0116,8,0.0,0.0
G0116,9,0.0,0.0
G0116,10,0.0,0.0
G0116,11,0.0,0.0
G0116,12,0.0,0.0
G0116,13,0.0,0.0
G0116,14,0.0,0.0
G0116,15,0.0,0.0
G0116,16,0.0,0.0
G0116,17,0.0,0.0
G0116,18,0.0,0.0
G0116,19,0.0,0.0
G0116,20,0.0,0.0
G0116,21,0.0,0.0
G0116,22,0.0,0.0
G0116,23,0.0,0.0
G0116,24,0.0,0.0
G0199,1,0.0,0.0
G0199,2,0.0,0.0
G0199,3,0.0,0.0
G0199,4,0.0,0.0
G0199,5,0.0,0.0
G0199,6,0.0,0.0
G0199,7,0.0,0.0
G0199,8,0.0,0.0
G0199,9,0.0,0.0
G0199,10,0.0,0.0
G0199,11,0.0,0.0
G0199,12,0.0,0.0
G0199,13,0.0,0.0
G0199,14,0.0,0.0
G0199,15,0.0,0.0
G0199,16,0.0,0.0
G0199,17,0.0,0.0
G0199,18,0.0,0.0
G0199,19,0.0,0.0
G0199,20,0.0,0.0
G0199,21,0.0,0.0
G0199,22,0.0,0.0
G0199,23,0.0,0.0
G0199,24,0.0,0.0
G0524,1,0.0,0.0
G0524,2,0.0,0.0
G0524,3,0.0,0.0
G0524,4,0.0,0.0
G0524,5,0.0,0.0
G0524,6,0.0,0.0
G0524,7,0.0,0.0
G0524,8,0.0,0.0
G0524,9,0.0,0.0
G0524,10,0.0,0.0
G0524,11,0.0,0.0
G0524,12,0.0,0.0
G0524,13,0.0,0.0
G0524,14,0.0,0.0
G0524,15,0.0,0.0
G0524,16,0.0,0.0
G0524,17,0.0,0.0
G0524,18,0.0,0.0
G0524,19,0.0,0.0
G0524,20,0.0,0.0
G0524,21,0.0,0.0
G0524,22,0.0,0.0
G0524,23,0.0,0.0
G0524,24,0.0,0.0
G0529,1,0.0,0.0
G0529,2,0.0,0.0
G0529,3,0.0,0.0
G0529,4,0.0,0.0
G0529,5,0.0,0.0
G0529,6,0.0,0.0
G0529,7,0.0,0.0
G0529,8,0.0,0.0
G0529,9,0.0,0.0
G0529,10,0.0,0.0
G0529,11,0.0,0.0
G0529,12,0.0,0.0
G0529,13,0.0,0.0
G0529,14,0.0,0.0
G0529,15,0.0,0.0
G0529,16,0.0,0.0
G0529,17,0.0,0.0
G0529,18,0.0,0.0
G0529,19,0.0,0.0
G0529,20,0.0,0.0
G0529,21,0.0,0.0
G0529,22,0.0,0.0
G0529,23,0.0,0.0
G0529,24,0.0,0.0
G0569,1,0.0,0.0
G0569,2,0.0,0.0
G0569,3,0.0,0.0
G0569,4,0.0,0.0
G0569,5,0.0,0.0
G0569,6,0.0,0.0
G0569,7,0.0,0.0
G0569,8,0.0,0.0
G0569,9,0.0,0.0
G0569,10,0.0,0.0
G0569,11,0.0,0.0
G0569,12,0.0,0.0
G0569,13,0.0,0.0
G0569,14,0.0,0.0
G0569,15,0.0,0.0
G0569,16,0.0,0.0
G0569,17,0.0,0.0
G0569,18,0.0,0.0
G0569,19,0.0,0.0
G0569,20,0.0,0.0
G0569,21,0.0,0.0
G0569,22,0.0,0.0
G0569,23,0.0,0.0
G0569,24,0.0,0.0
G0092,1,1044.0,0.0
G0092,2,1044.0,0.0
G0092,3,1044.0,0.0
G0092,4,1044.0,0.0
G0092,5,1044.0,0.0
G0092,6,1044.0,0.0
G0092,7,1044.0,0.0
G0092,8,1044.0,0.0
G0092,9,1044.0,0.0
G0092,10,1044.0,0.0
G0092,11,1044.0,0.0
G0092,12,1044.0,0.0
G0092,13,1044.0,0.0
G0092,14,1044.0,0.0
G0092,15,1044.0,0.0
G0092,16,1044.0,0.0
G0092,17,1044.0,0.0
G0092,18,1044.0,0.0
G0092,19,1044.0,0.0
G0092,20,1044.0,0.0
G0092,21,1044.0,0.0
G0092,22,1044.0,0.0
G0092,23,1044.0,0.0
G0092,24,1044.0,0.0
G0093,1,1049.0,0.0
G0093,2,1049.0,0.0
G0093,3,1049.0,0.0
G0093,4,1049.0,0.0
G0093,5,1049.0,0.0
G0093,6,1049.0,0.0
G0093,7,1049.0,0.0
G0093,8,1049.0,0.0
G0093,9,1049.0,0.0
G0093,10,1049.0,0.0
G0093,11,1049.0,0.0
G0093,12,1049.0,0.0
G0093,13,1049.0,0.0
G0093,14,1049.0,0.0
G0093,15,1049.0,0.0
G0093,16,1049.0,0.0
G0093,17,1049.0,0.0
G0093,18,1049.0,0.0
G0093,19,1049.0,0.0
G0093,20,1049.0,0.0
G0093,21,1049.0,0.0
G0093,22,1049.0,0.0
G0093,23,1049.0,0.0
G0093,24,1049.0,0.0
G0138,1,1027.0,0.0
G0138,2,1027.0,0.0
G0138,3,1027.0,0.0
G0138,4,1027.0,0.0
G0138,5,1027.0,0.0
G0138,6,1027.0,0.0
G0138,7,1027.0,0.0
G0138,8,1027.0,0.0
G0138,9,1027.0,0.0
G0138,10,1027.0,0.0
G0138,11,1027.0,0.0
G0138,12,1027.0,0.0
G0138,13,1027.0,0.0
G0138,14,1027.0,0.0
G0138,15,1027.0,0.0
G0138,16,1027.0,0.0
G0138,17,1027.0,0.0
G0138,18,1027.0,0.0
G0138,19,1027.0,0.0
G0138,20,1027.0,0.0
G0138,21,1027.0,0.0
G0138,22,1027.0,0.0
G0138,23,1027.0,0.0
G0138,24,1027.0,0.0
G0139,1,1033.0,0.0
G0139,2,1033.0,0.0
G0139,3,1033.0,0.0
G0139,4,1033.0,0.0
G0139,5,1033.0,0.0
G0139,6,1033.0,0.0
G0139,7,1033.0,0.0
G0139,8,1033.0,0.0
G0139,9,1033.0,0.0
G0139,10,1033.0,0.0
G0139,11,1033.0,0.0
G0139,12,1033.0,0.0
G0139,13,1033.0,0.0
G0139,14,1033.0,0.0
G0139,15,1033.0,0.0
G0139,16,1033.0,0.0
G0139,17,1033.0,0.0
G0139,18,1033.0,0.0
G0139,19,1033.0,0.0
G0139,20,1033.0,0.0
G0139,21,1033.0,0.0
G0139,22,1033.0,0.0
G0139,23,1033.0,0.0
G0139,24,1033.0,0.0
G0160,1,1102.0,0.0
G0160,2,1102.0,0.0
G0160,3,1102.0,0.0
G0160,4,1102.0,0.0
G0160,5,1102.0,0.0
G0160,6,1102.0,0.0
G0160,7,1102.0,0.0
G0160,8,1102.0,0.0
G0160,9,1102.0,0.0
G0160,10,1102.0,0.0
G0160,11,1102.0,0.0
G0160,12,1102.0,0.0
G0160,13,1102.0,0.0
G0160,14,1102.0,0.0
G0160,15,1102.0,0.0
G0160,16,1102.0,0.0
G0160,17,1102.0,0.0
G0160,18,1102.0,0.0
G0160,19,1102.0,0.0
G0160,20,1102.0,0.0
G0160,21,1102.0,0.0
G0160,22,1102.0,0.0
G0160,23,1102.0,0.0
G0160,24,1102.0,0.0
G0285,1,1087.0,0.0
G0285,2,1087.0,0.0
G0285,3,1087.0,0.0
G0285,4,1087.0,0.0
G0285,5,1087.0,0.0
G0285,6,1087.0,0.0
G0285,7,1087.0,0.0
G0285,8,1087.0,0.0
G0285,9,1087.0,0.0
G0285,10,1087.0,0.0
G0285,11,1087.0,0.0
G0285,12,1087.0,0.0
G0285,13,1087.0,0.0
G0285,14,1087.0,0.0
G0285,15,1087.0,0.0
G0285,16,1087.0,0.0
G0285,17,1087.0,0.0
G0285,18,1087.0,0.0
G0285,19,1087.0,0.0
G0285,20,1087.0,0.0
G0285,21,1087.0,0.0
G0285,22,1087.0,0.0
G0285,23,1087.0,0.0
G0285,24,1087.0,0.0
G0307,1,1066.0,0.0
G0307,2,1066.0,0.0
G0307,3,1066.0,0.0
G0307,4,1066.0,0.0
G0307,5,1066.0,0.0
G0307,6,1066.0,0.0
G0307,7,1066.0,0.0
G0307,8,1066.0,0.0
G0307,9,1066.0,0.0
G0307,10,1066.0,0.0
G0307,11,1066.0,0.0
G0307,12,1066.0,0.0
G0307,13,1066.0,0.0
G0307,14,1066.0,0.0
G0307,15,1066.0,0.0
G0307,16,1066.0,0.0
G0307,17,1066.0,0.0
G0307,18,1066.0,0.0
G0307,19,1066.0,0.0
G0307,20,1066.0,0.0
G0307,21,1066.0,0.0
G0307,22,1066.0,0.0
G0307,23,1066.0,0.0
G0307,24,1066.0,0.0
G0375,1,0.0,0.0
G0375,2,0.0,0.0
G0375,3,0.0,0.0
G0375,4,0.0,0.0
G0375,5,0.0,0.0
G0375,6,0.0,0.0
G0375,7,0.0,0.0
G0375,8,0.0,0.0
G0375,9,0.0,0.0
G0375,10,0.0,0.0
G0375,11,0.0,0.0
G0375,12,0.0,0.0
G0375,13,0.0,0.0
G0375,14,0.0,0.0
G0375,15,0.0,0.0
G0375,16,0.0,0.0
G0375,17,0.0,0.0
G0375,18,0.0,0.0
G0375,19,0.0,0.0
G0375,20,0.0,0.0
G0375,21,0.0,0.0
G0375,22,0.0,0.0
G0375,23,0.0,0.0
G0375,24,0.0,0.0
G0644,1,0.0,0.0
G0644,2,0.0,0.0
G0644,3,0.0,0.0
G0644,4,0.0,0.0
G0644,5,0.0,0.0
G0644,6,0.0,0.0
G0644,7,0.0,0.0
G0644,8,0.0,0.0
G0644,9,0.0,0.0
G0644,10,0.0,0.0
G0644,11,0.0,0.0
G0644,12,0.0,0.0
G0644,13,0.0,0.0
G0644,14,0.0,0.0
G0644,15,0.0,0.0
G0644,16,0.0,0.0
G0644,17,0.0,0.0
G0644,18,0.0,0.0
G0644,19,0.0,0.0
G0644,20,0.0,0.0
G0644,21,0.0,0.0
G0644,22,0.0,0.0
G0644,23,0.0,0.0
G0644,24,0.0,0.0
G0225,1,57.64565,0.0
G0225,2,57.64565,0.0
G0225,3,57.64565,0.0
G0225,4,57.64565,0.0
G0225,5,57.64565,0.0
G0225,6,57.64565,0.0
G0225,7,57.64565,0.0
G0225,8,57.64565,0.0
G0225,9,57.64565,0.0
G0225,10,57.64565,0.0
G0225,11,57.64565,0.0
G0225,12,57.64565,0.0
G0225,13,57.64565,0.0
G0225,14,57.64565,0.0
G0225,15,57.64565,0.0
G0225,16,57.64565,0.0
G0225,17,57.64565,0.0
G0225,18,57.64565,0.0
G0225,19,57.64565,0.0
G0225,20,57.64565,0.0
G0225,21,57.64565,0.0
G0225,22,57.64565,0.0
G0225,23,57.64565,0.0
G0225,24,57.64565,0.0
G0928,1,0.84859,0.0
G0928,2,0.84859,0.0
G0928,3,0.84859,0.0
G0928,4,0.84859,0.0
G0928,5,0.84859,0.0
G0928,6,0.84859,0.0
G0928,7,0.84859,0.0
G0928,8,0.84859,0.0
G0928,9,0.84859,0.0
G0928,10,0.84859,0.0
G0928,11,0.84859,0.0
G0928,12,0.84859,0.0
G0928,13,0.84859,0.0
G0928,14,0.84859,0.0
G0928,15,0.84859,0.0
G0928,16,0.84859,0.0
G0928,17,0.84859,0.0
G0928,18,0.84859,0.0
G0928,19,0.84859,0.0
G0928,20,0.84859,0.0
G0928,21,0.84859,0.0
G0928,22,0.84859,0.0
G0928,23,0.84859,0.0
G0928,24,0.84859,0.0
G0929,1,5.15007,0.0
G0929,2,5.15007,0.0
G0929,3,5.15007,0.0
G0929,4,5.15007,0.0
G0929,5,5.15007,0.0
G0929,6,5.15007,0.0
G0929,7,5.15007,0.0
G0929,8,5.15007,0.0
G0929,9,5.15007,0.0
G0929,10,5.15007,0.0
G0929,11,5.15007,0.0
G0929,12,5.15007,0.0
G0929,13,5.15007,0.0
G0929,14,5.15007,0.0
G0929,15,5.15007,0.0
G0929,16,5.15007,0.0
G0929,17,5.15007,0.0
G0929,18,5.15007,0.0
G0929,19,5.15007,0.0
G0929,20,5.15007,0.0
G0929,21,5.15007,0.0
G0929,22,5.15007,0.0
G0929,23,5.15007,0.0
G0929,24,5.15007,0.0
G0930,1,8.77852,0.0
G0930,2,8.77852,0.0
G0930,3,8.77852,0.0
G0930,4,8.77852,0.0
G0930,5,8.77852,0.0
G0930,6,8.77852,0.0
G0930,7,8.77852,0.0
G0930,8,8.77852,0.0
G0930,9,8.77852,0.0
G0930,10,8.77852,0.0
G0930,11,8.77852,0.0
G0930,12,8.77852,0.0
G0930,13,8.77852,0.0
G0930,14,8.77852,0.0
G0930,15,8.77852,0.0
G0930,16,8.77852,0.0
G0930,17,8.77852,0.0
G0930,18,8.77852,0.0
G0930,19,8.77852,0.0
G0930,20,8.77852,0.0
G0930,21,8.77852,0.0
G0930,22,8.77852,0.0
G0930,23,8.77852,0.0
G0930,24,8.77852,0.0
G0931,1,25.31141,0.0
G0931,2,25.31141,0.0
G0931,3,25.31141,0.0
G0931,4,25.31141,0.0
G0931,5,25.31141,0.0
G0931,6,25.31141,0.0
G0931,7,25.31141,0.0
G0931,8,25.31141,0.0
G0931,9,25.31141,0.0
G0931,10,25.31141,0.0
G0931,11,25.31141,0.0
G0931,12,25.31141,0.0
G0931,13,25.31141,0.0
G0931,14,25.31141,0.0
G0931,15,25.31141,0.0
G0931,16,25.31141,0.0
G0931,17,25.31141,0.0
G0931,18,25.31141,0.0
G0931,19,25.31141,0.0
G0931,20,25.31141,0.0
G0931,21,25.31141,0.0
G0931,22,25.31141,0.0
G0931,23,25.31141,0.0
G0931,24,25.31141,0.0
G0932,1,2.45799,0.0
G0932,2,2.45799,0.0
G0932,3,2.45799,0.0
G0932,4,2.45799,0.0
G0932,5,2.45799,0.0
G0932,6,2.45799,0.0
G0932,7,2.45799,0.0
G0932,8,2.45799,0.0
G0932,9,2.45799,0.0
G0932,10,2.45799,0.0
G0932,11,2.45799,0.0
G0932,12,2.45799,0.0
G0932,13,2.45799,0.0
G0932,14,2.45799,0.0
G0932,15,2.45799,0.0
G0932,16,2.45799,0.0
G0932,17,2.45799,0.0
G0932,18,2.45799,0.0
G0932,19,2.45799,0.0
G0932,20,2.45799,0.0
G0932,21,2.45799,0.0
G0932,22,2.45799,0.0
G0932,23,2.45799,0.0
G0932,24,2.45799,0.0
G0933,1,0.67887,0.0
G0933,2,0.67887,0.0
G0933,3,0.67887,0.0
G0933,4,0.67887,0.0
G0933,5,0.67887,0.0
G0933,6,0.67887,0.0
G0933,7,0.67887,0.0
G0933,8,0.67887,0.0
G0933,9,0.67887,0.0
G0933,10,0.67887,0.0
G0933,11,0.67887,0.0
G0933,12,0.67887,0.0
G0933,13,0.67887,0.0
G0933,14,0.67887,0.0
G0933,15,0.67887,0.0
G0933,16,0.67887,0.0
G0933,17,0.67887,0.0
G0933,18,0.67887,0.0
G0933,19,0.67887,0.0
G0933,20,0.67887,0.0
G0933,21,0.67887,0.0
G0933,22,0.67887,0.0
G0933,23,0.67887,0.0
G0933,24,0.67887,0.0
G0934,1,0.45882,0.0
G0934,2,0.45882,0.0
G0934,3,0.45882,0.0
G0934,4,0.45882,0.0
G0934,5,0.45882,0.0
G0934,6,0.45882,0.0
G0934,7,0.45882,0.0
G0934,8,0.45882,0.0
G0934,9,0.45882,0.0
G0934,10,0.45882,0.0
G0934,11,0.45882,0.0
G0934,12,0.45882,0.0
G0934,13,0.45882,0.0
G0934,14,0.45882,0.0
G0934,15,0.45882,0.0
G0934,16,0.45882,0.0
G0934,17,0.45882,0.0
G0934,18,0.45882,0.0
G0934,19,0.45882,0.0
G0934,20,0.45882,0.0
G0934,21,0.45882,0.0
G0934,22,0.45882,0.0
G0934,23,0.45882,0.0
G0934,24,0.45882,0.0
G0935,1,1.08268,0.0
G0935,2,1.08268,0.0
G0935,3,1.08268,0.0
G0935,4,1.08268,0.0
G0935,5,1.08268,0.0
G0935,6,1.08268,0.0
G0935,7,1.08268,0.0
G0935,8,1.08268,0.0
G0935,9,1.08268,0.0
G0935,10,1.08268,0.0
G0935,11,1.08268,0.0
G0935,12,1.08268,0.0
G0935,13,1.08268,0.0
G0935,14,1.08268,0.0
G0935,15,1.08268,0.0
G0935,16,1.08268,0.0
G0935,17,1.08268,0.0
G0935,18,1.08268,0.0
G0935,19,1.08268,0.0
G0935,20,1.08268,0.0
G0935,21,1.08268,0.0
G0935,22,1.08268,0.0
G0935,23,1.08268,0.0
G0935,24,1.08268,0.0
G0936,1,24.12339,0.0
G0936,2,24.12339,0.0
G0936,3,24.12339,0.0
G0936,4,24.12339,0.0
G0936,5,24.12339,0.0
G0936,6,24.12339,0.0
G0936,7,24.12339,0.0
G0936,8,24.12339,0.0
G0936,9,24.12339,0.0
G0936,10,24.12339,0.0
G0936,11,24.12339,0.0
G0936,12,24.12339,0.0
G0936,13,24.12339,0.0
G0936,14,24.12339,0.0
G0936,15,24.12339,0.0
G0936,16,24.12339,0.0
G0936,17,24.12339,0.0
G0936,18,24.12339,0.0
G0936,19,24.12339,0.0
G0936,20,24.12339,0.0
G0936,21,24.12339,0.0
G0936,22,24.12339,0.0
G0936,23,24.12339,0.0
G0936,24,24.12339,0.0
G0937,1,2.80913,0.0
G0937,2,2.80913,0.0
G0937,3,2.80913,0.0
G0937,4,2.80913,0.0
G0937,5,2.80913,0.0
G0937,6,2.80913,0.0
G0937,7,2.80913,0.0
G0937,8,2.80913,0.0
G0937,9,2.80913,0.0
G0937,10,2.80913,0.0
G0937,11,2.80913,0.0
G0937,12,2.80913,0.0
G0937,13,2.80913,0.0
G0937,14,2.80913,0.0
G0937,15,2.80913,0.0
G0937,16,2.80913,0.0
G0937,17,2.80913,0.0
G0937,18,2.80913,0.0
G0937,19,2.80913,0.0
G0937,20,2.80913,0.0
G0937,21,2.80913,0.0
G0937,22,2.80913,0.0
G0937,23,2.80913,0.0
G0937,24,2.80913,0.0
G0938,1,2.80913,0.0
G0938,2,2.80913,0.0
G0938,3,2.80913,0.0
G0938,4,2.80913,0.0
G0938,5,2.80913,0.0
G0938,6,2.80913,0.0
G0938,7,2.80913,0.0
G0938,8,2.80913,0.0
G0938,9,2.80913,0.0
G0938,10,2.80913,0.0
G0938,11,2.80913,0.0
G0938,12,2.80913,0.0
G0938,13,2.80913,0.0
G0938,14,2.80913,0.0
G0938,15,2.80913,0.0
G0938,16,2.80913,0.0
G0938,17,2.80913,0.0
G0938,18,2.80913,0.0
G0938,19,2.80913,0.0
G0938,20,2.80913,0.0
G0938,21,2.80913,0.0
G0938,22,2.80913,0.0
G0938,23,2.80913,0.0
G0938,24,2.80913,0.0
G0939,1,1.31678,0.0
G0939,2,1.31678,0.0
G0939,3,1.31678,0.0
G0939,4,1.31678,0.0
G0939,5,1.31678,0.0
G0939,6,1.31678,0.0
G0939,7,1.31678,0.0
G0939,8,1.31678,0.0
G0939,9,1.31678,0.0
G0939,10,1.31678,0.0
G0939,11,1.31678,0.0
G0939,12,1.31678,0.0
G0939,13,1.31678,0.0
G0939,14,1.31678,0.0
G0939,15,1.31678,0.0
G0939,16,1.31678,0.0
G0939,17,1.31678,0.0
G0939,18,1.31678,0.0
G0939,19,1.31678,0.0
G0939,20,1.31678,0.0
G0939,21,1.31678,0.0
G0939,22,1.31678,0.0
G0939,23,1.31678,0.0
G0939,24,1.31678,0.0
G0940,1,3.7455,0.0
G0940,2,3.7455,0.0
G0940,3,3.7455,0.0
G0940,4,3.7455,0.0
G0940,5,3.7455,0.0
G0940,6,3.7455,0.0
G0940,7,3.7455,0.0
G0940,8,3.7455,0.0
G0940,9,3.7455,0.0
G0940,10,3.7455,0.0
G0940,11,3.7455,0.0
G0940,12,3.7455,0.0
G0940,13,3.7455,0.0
G0940,14,3.7455,0.0
G0940,15,3.7455,0.0
G0940,16,3.7455,0.0
G0940,17,3.7455,0.0
G0940,18,3.7455,0.0
G0940,19,3.7455,0.0
G0940,20,3.7455,0.0
G0940,21,3.7455,0.0
G0940,22,3.7455,0.0
G0940,23,3.7455,0.0
G0940,24,3.7455,0.0
G0941,1,1.43383,0.0
G0941,2,1.43383,0.0
G0941,3,1.43383,0.0
G0941,4,1.43383,0.0
G0941,5,1.43383,0.0
G0941,6,1.43383,0.0
G0941,7,1.43383,0.0
G0941,8,1.43383,0.0
G0941,9,1.43383,0.0
G0941,10,1.43383,0.0
G0941,11,1.43383,0.0
G0941,12,1.43383,0.0
G0941,13,1.43383,0.0
G0941,14,1.43383,0.0
G0941,15,1.43383,0.0
G0941,16,1.43383,0.0
G0941,17,1.43383,0.0
G0941,18,1.43383,0.0
G0941,19,1.43383,0.0
G0941,20,1.43383,0.0
G0941,21,1.43383,0.0
G0941,22,1.43383,0.0
G0941,23,1.43383,0.0
G0941,24,1.43383,0.0
G0942,1,0.20483,0.0
G0942,2,0.20483,0.0
G0942,3,0.20483,0.0
G0942,4,0.20483,0.0
G0942,5,0.20483,0.0
G0942,6,0.20483,0.0
G0942,7,0.20483,0.0
G0942,8,0.20483,0.0
G0942,9,0.20483,0.0
G0942,10,0.20483,0.0
G0942,11,0.20483,0.0
G0942,12,0.20483,0.0
G0942,13,0.20483,0.0
G0942,14,0.20483,0.0
G0942,15,0.20483,0.0
G0942,16,0.20483,0.0
G0942,17,0.20483,0.0
G0942,18,0.20483,0.0
G0942,19,0.20483,0.0
G0942,20,0.20483,0.0
G0942,21,0.20483,0.0
G0942,22,0.20483,0.0
G0942,23,0.20483,0.0
G0942,24,0.20483,0.0
G0943,1,3.04322,0.0
G0943,2,3.04322,0.0
G0943,3,3.04322,0.0
G0943,4,3.04322,0.0
G0943,5,3.04322,0.0
G0943,6,3.04322,0.0
G0943,7,3.04322,0.0
G0943,8,3.04322,0.0
G0943,9,3.04322,0.0
G0943,10,3.04322,0.0
G0943,11,3.04322,0.0
G0943,12,3.04322,0.0
G0943,13,3.04322,0.0
G0943,14,3.04322,0.0
G0943,15,3.04322,0.0
G0943,16,3.04322,0.0
G0943,17,3.04322,0.0
G0943,18,3.04322,0.0
G0943,19,3.04322,0.0
G0943,20,3.04322,0.0
G0943,21,3.04322,0.0
G0943,22,3.04322,0.0
G0943,23,3.04322,0.0
G0943,24,3.04322,0.0
G0944,1,1.46309,0.0
G0944,2,1.46309,0.0
G0944,3,1.46309,0.0
G0944,4,1.46309,0.0
G0944,5,1.46309,0.0
G0944,6,1.46309,0.0
G0944,7,1.46309,0.0
G0944,8,1.46309,0.0
G0944,9,1.46309,0.0
G0944,10,1.46309,0.0
G0944,11,1.46309,0.0
G0944,12,1.46309,0.0
G0944,13,1.46309,0.0
G0944,14,1.46309,0.0
G0944,15,1.46309,0.0
G0944,16,1.46309,0.0
G0944,17,1.46309,0.0
G0944,18,1.46309,0.0
G0944,19,1.46309,0.0
G0944,20,1.46309,0.0
G0944,21,1.46309,0.0
G0944,22,1.46309,0.0
G0944,23,1.46309,0.0
G0944,24,1.46309,0.0
G0945,1,0.43893,0.0
G0945,2,0.43893,0.0
G0945,3,0.43893,0.0
G0945,4,0.43893,0.0
G0945,5,0.43893,0.0
G0945,6,0.43893,0.0
G0945,7,0.43893,0.0
G0945,8,0.43893,0.0
G0945,9,0.43893,0.0
G0945,10,0.43893,0.0
G0945,11,0.43893,0.0
G0945,12,0.43893,0.0
G0945,13,0.43893,0.0
G0945,14,0.43893,0.0
G0945,15,0.43893,0.0
G0945,16,0.43893,0.0
G0945,17,0.43893,0.0
G0945,18,0.43893,0.0
G0945,19,0.43893,0.0
G0945,20,0.43893,0.0
G0945,21,0.43893,0.0
G0945,22,0.43893,0.0
G0945,23,0.43893,0.0
G0945,24,0.43893,0.0
G0946,1,0.01463,0.0
G0946,2,0.01463,0.0
G0946,3,0.01463,0.0
G0946,4,0.01463,0.0
G0946,5,0.01463,0.0
G0946,6,0.01463,0.0
G0946,7,0.01463,0.0
G0946,8,0.01463,0.0
G0946,9,0.01463,0.0
G0946,10,0.01463,0.0
G0946,11,0.01463,0.0
G0946,12,0.01463,0.0
G0946,13,0.01463,0.0
G0946,14,0.01463,0.0
G0946,15,0.01463,0.0
G0946,16,0.01463,0.0
G0946,17,0.01463,0.0
G0946,18,0.01463,0.0
G0946,19,0.01463,0.0
G0946,20,0.01463,0.0
G0946,21,0.01463,0.0
G0946,22,0.01463,0.0
G0946,23,0.01463,0.0
G0946,24,0.01463,0.0
G0947,1,1.11195,0.0
G0947,2,1.11195,0.0
G0947,3,1.11195,0.0
G0947,4,1.11195,0.0
G0947,5,1.11195,0.0
G0947,6,1.11195,0.0
G0947,7,1.11195,0.0
G0947,8,1.11195,0.0
G0947,9,1.11195,0.0
G0947,10,1.11195,0.0
G0947,11,1.11195,0.0
G0947,12,1.11195,0.0
G0947,13,1.11195,0.0
G0947,14,1.11195,0.0
G0947,15,1.11195,0.0
G0947,16,1.11195,0.0
G0947,17,1.11195,0.0
G0947,18,1.11195,0.0
G0947,19,1.11195,0.0
G0947,20,1.11195,0.0
G0947,21,1.11195,0.0
G0947,22,1.11195,0.0
G0947,23,1.11195,0.0
G0947,24,1.11195,0.0
G0948,1,3.7455,0.0
G0948,2,3.7455,0.0
G0948,3,3.7455,0.0
G0948,4,3.7455,0.0
G0948,5,3.7455,0.0
G0948,6,3.7455,0.0
G0948,7,3.7455,0.0
G0948,8,3.7455,0.0
G0948,9,3.7455,0.0
G0948,10,3.7455,0.0
G0948,11,3.7455,0.0
G0948,12,3.7455,0.0
G0948,13,3.7455,0.0
G0948,14,3.7455,0.0
G0948,15,3.7455,0.0
G0948,16,3.7455,0.0
G0948,17,3.7455,0.0
G0948,18,3.7455,0.0
G0948,19,3.7455,0.0
G0948,20,3.7455,0.0
G0948,21,3.7455,0.0
G0948,22,3.7455,0.0
G0948,23,3.7455,0.0
G0948,24,3.7455,0.0
G0949,1,0.13256,0.0
G0949,2,0.13256,0.0
G0949,3,0.13256,0.0
G0949,4,0.13256,0.0
G0949,5,0.13256,0.0
G0949,6,0.13256,0.0
G0949,7,0.13256,0.0
G0949,8,0.13256,0.0
G0949,9,0.13256,0.0
G0949,10,0.13256,0.0
G0949,11,0.13256,0.0
G0949,12,0.13256,0.0
G0949,13,0.13256,0.0
G0949,14,0.13256,0.0
G0949,15,0.13256,0.0
G0949,16,0.13256,0.0
G0949,17,0.13256,0.0
G0949,18,0.13256,0.0
G0949,19,0.13256,0.0
G0949,20,0.13256,0.0
G0949,21,0.13256,0.0
G0949,22,0.13256,0.0
G0949,23,0.13256,0.0
G0949,24,0.13256,0.0
G0950,1,0.6145,0.0
G0950,2,0.6145,0.0
G0950,3,0.6145,0.0
G0950,4,0.6145,0.0
G0950,5,0.6145,0.0
G0950,6,0.6145,0.0
G0950,7,0.6145,0.0
G0950,8,0.6145,0.0
G0950,9,0.6145,0.0
G0950,10,0.6145,0.0
G0950,11,0.6145,0.0
G0950,12,0.6145,0.0
G0950,13,0.6145,0.0
G0950,14,0.6145,0.0
G0950,15,0.6145,0.0
G0950,16,0.6145,0.0
G0950,17,0.6145,0.0
G0950,18,0.6145,0.0
G0950,19,0.6145,0.0
G0950,20,0.6145,0.0
G0950,21,0.6145,0.0
G0950,22,0.6145,0.0
G0950,23,0.6145,0.0
G0950,24,0.6145,0.0
G0951,1,0.79007,0.0
G0951,2,0.79007,0.0
G0951,3,0.79007,0.0
G0951,4,0.79007,0.0
G0951,5,0.79007,0.0
G0951,6,0.79007,0.0
G0951,7,0.79007,0.0
G0951,8,0.79007,0.0
G0951,9,0.79007,0.0
G0951,10,0.79007,0.0
G0951,11,0.79007,0.0
G0951,12,0.79007,0.0
G0951,13,0.79007,0.0
G0951,14,0.79007,0.0
G0951,15,0.79007,0.0
G0951,16,0.79007,0.0
G0951,17,0.79007,0.0
G0951,18,0.79007,0.0
G0951,19,0.79007,0.0
G0951,20,0.79007,0.0
G0951,21,0.79007,0.0
G0951,22,0.79007,0.0
G0951,23,0.79007,0.0
G0951,24,0.79007,0.0
G0952,1,1.46309,0.0
G0952,2,1.46309,0.0
G0952,3,1.46309,0.0
G0952,4,1.46309,0.0
G0952,5,1.46309,0.0
G0952,6,1.46309,0.0
G0952,7,1.46309,0.0
G0952,8,1.46309,0.0
G0952,9,1.46309,0.0
G0952,10,1.46309,0.0
G0952,11,1.46309,0.0
G0952,12,1.46309,0.0
G0952,13,1.46309,0.0
G0952,14,1.46309,0.0
G0952,15,1.46309,0.0
G0952,16,1.46309,0.0
G0952,17,1.46309,0.0
G0952,18,1.46309,0.0
G0952,19,1.46309,0.0
G0952,20,1.46309,0.0
G0952,21,1.46309,0.0
G0952,22,1.46309,0.0
G0952,23,1.46309,0.0
G0952,24,1.46309,0.0
G0953,1,2.10685,0.0
G0953,2,2.10685,0.0
G0953,3,2.10685,0.0
G0953,4,2.10685,0.0
G0953,5,2.10685,0.0
G0953,6,2.10685,0.0
G0953,7,2.10685,0.0
G0953,8,2.10685,0.0
G0953,9,2.10685,0.0
G0953,10,2.10685,0.0
G0953,11,2.10685,0.0
G0953,12,2.10685,0.0
G0953,13,2.10685,0.0
G0953,14,2.10685,0.0
G0953,15,2.10685,0.0
G0953,16,2.10685,0.0
G0953,17,2.10685,0.0
G0953,18,2.10685,0.0
G0953,19,2.10685,0.0
G0953,20,2.10685,0.0
G0953,21,2.10685,0.0
G0953,22,2.10685,0.0
G0953,23,2.10685,0.0
G0953,24,2.10685,0.0
G0954,1,3.18953,0.0
G0954,2,3.18953,0.0
G0954,3,3.18953,0.0
G0954,4,3.18953,0.0
G0954,5,3.18953,0.0
G0954,6,3.18953,0.0
G0954,7,3.18953,0.0
G0954,8,3.18953,0.0
G0954,9,3.18953,0.0
G0954,10,3.18953,0.0
G0954,11,3.18953,0.0
G0954,12,3.18953,0.0
G0954,13,3.18953,0.0
G0954,14,3.18953,0.0
G0954,15,3.18953,0.0
G0954,16,3.18953,0.0
G0954,17,3.18953,0.0
G0954,18,3.18953,0.0
G0954,19,3.18953,0.0
G0954,20,3.18953,0.0
G0954,21,3.18953,0.0
G0954,22,3.18953,0.0
G0954,23,3.18953,0.0
G0954,24,3.18953,0.0
G0955,1,1.46309,0.0
G0955,2,1.46309,0.0
G0955,3,1.46309,0.0
G0955,4,1.46309,0.0
G0955,5,1.46309,0.0
G0955,6,1.46309,0.0
G0955,7,1.46309,0.0
G0955,8,1.46309,0.0
G0955,9,1.46309,0.0
G0955,10,1.46309,0.0
G0955,11,1.46309,0.0
G0955,12,1.46309,0.0
G0955,13,1.46309,0.0
G0955,14,1.46309,0.0
G0955,15,1.46309,0.0
G0955,16,1.46309,0.0
G0955,17,1.46309,0.0
G0955,18,1.46309,0.0
G0955,19,1.46309,0.0
G0955,20,1.46309,0.0
G0955,21,1.46309,0.0
G0955,22,1.46309,0.0
G0955,23,1.46309,0.0
G0955,24,1.46309,0.0
G0956,1,2.43458,0.0
G0956,2,2.43458,0.0
G0956,3,2.43458,0.0
G0956,4,2.43458,0.0
G0956,5,2.43458,0.0
G0956,6,2.43458,0.0
G0956,7,2.43458,0.0
G0956,8,2.43458,0.0
G0956,9,2.43458,0.0
G0956,10,2.43458,0.0
G0956,11,2.43458,0.0
G0956,12,2.43458,0.0
G0956,13,2.43458,0.0
G0956,14,2.43458,0.0
G0956,15,2.43458,0.0
G0956,16,2.43458,0.0
G0956,17,2.43458,0.0
G0956,18,2.43458,0.0
G0956,19,2.43458,0.0
G0956,20,2.43458,0.0
G0956,21,2.43458,0.0
G0956,22,2.43458,0.0
G0956,23,2.43458,0.0
G0956,24,2.43458,0.0
G0957,1,1.58013,0.0
G0957,2,1.58013,0.0
G0957,3,1.58013,0.0
G0957,4,1.58013,0.0
G0957,5,1.58013,0.0
G0957,6,1.58013,0.0
G0957,7,1.58013,0.0
G0957,8,1.58013,0.0
G0957,9,1.58013,0.0
G0957,10,1.58013,0.0
G0957,11,1.58013,0.0
G0957,12,1.58013,0.0
G0957,13,1.58013,0.0
G0957,14,1.58013,0.0
G0957,15,1.58013,0.0
G0957,16,1.58013,0.0
G0957,17,1.58013,0.0
G0957,18,1.58013,0.0
G0957,19,1.58013,0.0
G0957,20,1.58013,0.0
G0957,21,1.58013,0.0
G0957,22,1.58013,0.0
G0957,23,1.58013,0.0
G0957,24,1.58013,0.0
G0958,1,3.7455,0.0
G0958,2,3.7455,0.0
G0958,3,3.7455,0.0
G0958,4,3.7455,0.0
G0958,5,3.7455,0.0
G0958,6,3.7455,0.0
G0958,7,3.7455,0.0
G0958,8,3.7455,0.0
G0958,9,3.7455,0.0
G0958,10,3.7455,0.0
G0958,11,3.7455,0.0
G0958,12,3.7455,0.0
G0958,13,3.7455,0.0
G0958,14,3.7455,0.0
G0958,15,3.7455,0.0
G0958,16,3.7455,0.0
G0958,17,3.7455,0.0
G0958,18,3.7455,0.0
G0958,19,3.7455,0.0
G0958,20,3.7455,0.0
G0958,21,3.7455,0.0
G0958,22,3.7455,0.0
G0958,23,3.7455,0.0
G0958,24,3.7455,0.0
G0959,1,1.9898,0.0
G0959,2,1.9898,0.0
G0959,3,1.9898,0.0
G0959,4,1.9898,0.0
G0959,5,1.9898,0.0
G0959,6,1.9898,0.0
G0959,7,1.9898,0.0
G0959,8,1.9898,0.0
G0959,9,1.9898,0.0
G0959,10,1.9898,0.0
G0959,11,1.9898,0.0
G0959,12,1.9898,0.0
G0959,13,1.9898,0.0
G0959,14,1.9898,0.0
G0959,15,1.9898,0.0
G0959,16,1.9898,0.0
G0959,17,1.9898,0.0
G0959,18,1.9898,0.0
G0959,19,1.9898,0.0
G0959,20,1.9898,0.0
G0959,21,1.9898,0.0
G0959,22,1.9898,0.0
G0959,23,1.9898,0.0
G0959,24,1.9898,0.0
G0960,1,1.46309,0.0
G0960,2,1.46309,0.0
G0960,3,1.46309,0.0
G0960,4,1.46309,0.0
G0960,5,1.46309,0.0
G0960,6,1.46309,0.0
G0960,7,1.46309,0.0
G0960,8,1.46309,0.0
G0960,9,1.46309,0.0
G0960,10,1.46309,0.0
G0960,11,1.46309,0.0
G0960,12,1.46309,0.0
G0960,13,1.46309,0.0
G0960,14,1.46309,0.0
G0960,15,1.46309,0.0
G0960,16,1.46309,0.0
G0960,17,1.46309,0.0
G0960,18,1.46309,0.0
G0960,19,1.46309,0.0
G0960,20,1.46309,0.0
G0960,21,1.46309,0.0
G0960,22,1.46309,0.0
G0960,23,1.46309,0.0
G0960,24,1.46309,0.0
G0961,1,4.38926,0.0
G0961,2,4.38926,0.0
G0961,3,4.38926,0.0
G0961,4,4.38926,0.0
G0961,5,4.38926,0.0
G0961,6,4.38926,0.0
G0961,7,4.38926,0.0
G0961,8,4.38926,0.0
G0961,9,4.38926,0.0
G0961,10,4.38926,0.0
G0961,11,4.38926,0.0
G0961,12,4.38926,0.0
G0961,13,4.38926,0.0
G0961,14,4.38926,0.0
G0961,15,4.38926,0.0
G0961,16,4.38926,0.0
G0961,17,4.38926,0.0
G0961,18,4.38926,0.0
G0961,19,4.38926,0.0
G0961,20,4.38926,0.0
G0961,21,4.38926,0.0
G0961,22,4.38926,0.0
G0961,23,4.38926,0.0
G0961,24,4.38926,0.0
G0962,1,3.86255,0.0
G0962,2,3.86255,0.0
G0962,3,3.86255,0.0
G0962,4,3.86255,0.0
G0962,5,3.86255,0.0
G0962,6,3.86255,0.0
G0962,7,3.86255,0.0
G0962,8,3.86255,0.0
G0962,9,3.86255,0.0
G0962,10,3.86255,0.0
G0962,11,3.86255,0.0
G0962,12,3.86255,0.0
G0962,13,3.86255,0.0
G0962,14,3.86255,0.0
G0962,15,3.86255,0.0
G0962,16,3.86255,0.0
G0962,17,3.86255,0.0
G0962,18,3.86255,0.0
G0962,19,3.86255,0.0
G0962,20,3.86255,0.0
G0962,21,3.86255,0.0
G0962,22,3.86255,0.0
G0962,23,3.86255,0.0
G0962,24,3.86255,0.0
G0963,1,4.44779,0.0
G0963,2,4.44779,0.0
G0963,3,4.44779,0.0
G0963,4,4.44779,0.0
G0963,5,4.44779,0.0
G0963,6,4.44779,0.0
G0963,7,4.44779,0.0
G0963,8,4.44779,0.0
G0963,9,4.44779,0.0
G0963,10,4.44779,0.0
G0963,11,4.44779,0.0
G0963,12,4.44779,0.0
G0963,13,4.44779,0.0
G0963,14,4.44779,0.0
G0963,15,4.44779,0.0
G0963,16,4.44779,0.0
G0963,17,4.44779,0.0
G0963,18,4.44779,0.0
G0963,19,4.44779,0.0
G0963,20,4.44779,0.0
G0963,21,4.44779,0.0
G0963,22,4.44779,0.0
G0963,23,4.44779,0.0
G0963,24,4.44779,0.0
G0964,1,0.87493,0.0
G0964,2,0.87493,0.0
G0964,3,0.87493,0.0
G0964,4,0.87493,0.0
G0964,5,0.87493,0.0
G0964,6,0.87493,0.0
G0964,7,0.87493,0.0
G0964,8,0.87493,0.0
G0964,9,0.87493,0.0
G0964,10,0.87493,0.0
G0964,11,0.87493,0.0
G0964,12,0.87493,0.0
G0964,13,0.87493,0.0
G0964,14,0.87493,0.0
G0964,15,0.87493,0.0
G0964,16,0.87493,0.0
G0964,17,0.87493,0.0
G0964,18,0.87493,0.0
G0964,19,0.87493,0.0
G0964,20,0.87493,0.0
G0964,21,0.87493,0.0
G0964,22,0.87493,0.0
G0964,23,0.87493,0.0
G0964,24,0.87493,0.0
G0965,1,0.92175,0.0
G0965,2,0.92175,0.0
G0965,3,0.92175,0.0
G0965,4,0.92175,0.0
G0965,5,0.92175,0.0
G0965,6,0.92175,0.0
G0965,7,0.92175,0.0
G0965,8,0.92175,0.0
G0965,9,0.92175,0.0
G0965,10,0.92175,0.0
G0965,11,0.92175,0.0
G0965,12,0.92175,0.0
G0965,13,0.92175,0.0
G0965,14,0.92175,0.0
G0965,15,0.92175,0.0
G0965,16,0.92175,0.0
G0965,17,0.92175,0.0
G0965,18,0.92175,0.0
G0965,19,0.92175,0.0
G0965,20,0.92175,0.0
G0965,21,0.92175,0.0
G0965,22,0.92175,0.0
G0965,23,0.92175,0.0
G0965,24,0.92175,0.0
G0966,1,0.08779,0.0
G0966,2,0.08779,0.0
G0966,3,0.08779,0.0
G0966,4,0.08779,0.0
G0966,5,0.08779,0.0
G0966,6,0.08779,0.0
G0966,7,0.08779,0.0
G0966,8,0.08779,0.0
G0966,9,0.08779,0.0
G0966,10,0.08779,0.0
G0966,11,0.08779,0.0
G0966,12,0.08779,0.0
G0966,13,0.08779,0.0
G0966,14,0.08779,0.0
G0966,15,0.08779,0.0
G0966,16,0.08779,0.0
G0966,17,0.08779,0.0
G0966,18,0.08779,0.0
G0966,19,0.08779,0.0
G0966,20,0.08779,0.0
G0966,21,0.08779,0.0
G0966,22,0.08779,0.0
G0966,23,0.08779,0.0
G0966,24,0.08779,0.0
G0967,1,0.32188,0.0
G0967,2,0.32188,0.0
G0967,3,0.32188,0.0
G0967,4,0.32188,0.0
G0967,5,0.32188,0.0
G0967,6,0.32188,0.0
G0967,7,0.32188,0.0
G0967,8,0.32188,0.0
G0967,9,0.32188,0.0
G0967,10,0.32188,0.0
G0967,11,0.32188,0.0
G0967,12,0.32188,0.0
G0967,13,0.32188,0.0
G0967,14,0.32188,0.0
G0967,15,0.32188,0.0
G0967,16,0.32188,0.0
G0967,17,0.32188,0.0
G0967,18,0.32188,0.0
G0967,19,0.32188,0.0
G0967,20,0.32188,0.0
G0967,21,0.32188,0.0
G0967,22,0.32188,0.0
G0967,23,0.32188,0.0
G0967,24,0.32188,0.0
G0968,1,0.17557,0.0
G0968,2,0.17557,0.0
G0968,3,0.17557,0.0
G0968,4,0.17557,0.0
G0968,5,0.17557,0.0
G0968,6,0.17557,0.0
G0968,7,0.17557,0.0
G0968,8,0.17557,0.0
G0968,9,0.17557,0.0
G0968,10,0.17557,0.0
G0968,11,0.17557,0.0
G0968,12,0.17557,0.0
G0968,13,0.17557,0.0
G0968,14,0.17557,0.0
G0968,15,0.17557,0.0
G0968,16,0.17557,0.0
G0968,17,0.17557,0.0
G0968,18,0.17557,0.0
G0968,19,0.17557,0.0
G0968,20,0.17557,0.0
G0968,21,0.17557,0.0
G0968,22,0.17557,0.0
G0968,23,0.17557,0.0
G0968,24,0.17557,0.0
G0969,1,0.67302,0.0
G0969,2,0.67302,0.0
G0969,3,0.67302,0.0
G0969,4,0.67302,0.0
G0969,5,0.67302,0.0
G0969,6,0.67302,0.0
G0969,7,0.67302,0.0
G0969,8,0.67302,0.0
G0969,9,0.67302,0.0
G0969,10,0.67302,0.0
G0969,11,0.67302,0.0
G0969,12,0.67302,0.0
G0969,13,0.67302,0.0
G0969,14,0.67302,0.0
G0969,15,0.67302,0.0
G0969,16,0.67302,0.0
G0969,17,0.67302,0.0
G0969,18,0.67302,0.0
G0969,19,0.67302,0.0
G0969,20,0.67302,0.0
G0969,21,0.67302,0.0
G0969,22,0.67302,0.0
G0969,23,0.67302,0.0
G0969,24,0.67302,0.0
G0970,1,3.7455,0.0
G0970,2,3.7455,0.0
G0970,3,3.7455,0.0
G0970,4,3.7455,0.0
G0970,5,3.7455,0.0
G0970,6,3.7455,0.0
G0970,7,3.7455,0.0
G0970,8,3.7455,0.0
G0970,9,3.7455,0.0
G0970,10,3.7455,0.0
G0970,11,3.7455,0.0
G0970,12,3.7455,0.0
G0970,13,3.7455,0.0
G0970,14,3.7455,0.0
G0970,15,3.7455,0.0
G0970,16,3.7455,0.0
G0970,17,3.7455,0.0
G0970,18,3.7455,0.0
G0970,19,3.7455,0.0
G0970,20,3.7455,0.0
G0970,21,3.7455,0.0
G0970,22,3.7455,0.0
G0970,23,3.7455,0.0
G0970,24,3.7455,0.0
G0971,1,2.80913,0.0
G0971,2,2.80913,0.0
G0971,3,2.80913,0.0
G0971,4,2.80913,0.0
G0971,5,2.80913,0.0
G0971,6,2.80913,0.0
G0971,7,2.80913,0.0
G0971,8,2.80913,0.0
G0971,9,2.80913,0.0
G0971,10,2.80913,0.0
G0971,11,2.80913,0.0
G0971,12,2.80913,0.0
G0971,13,2.80913,0.0
G0971,14,2.80913,0.0
G0971,15,2.80913,0.0
G0971,16,2.80913,0.0
G0971,17,2.80913,0.0
G0971,18,2.80913,0.0
G0971,19,2.80913,0.0
G0971,20,2.80913,0.0
G0971,21,2.80913,0.0
G0971,22,2.80913,0.0
G0971,23,2.80913,0.0
G0971,24,2.80913,0.0
G0972,1,2.92618,0.0
G0972,2,2.92618,0.0
G0972,3,2.92618,0.0
G0972,4,2.92618,0.0
G0972,5,2.92618,0.0
G0972,6,2.92618,0.0
G0972,7,2.92618,0.0
G0972,8,2.92618,0.0
G0972,9,2.92618,0.0
G0972,10,2.92618,0.0
G0972,11,2.92618,0.0
G0972,12,2.92618,0.0
G0972,13,2.92618,0.0
G0972,14,2.92618,0.0
G0972,15,2.92618,0.0
G0972,16,2.92618,0.0
G0972,17,2.92618,0.0
G0972,18,2.92618,0.0
G0972,19,2.92618,0.0
G0972,20,2.92618,0.0
G0972,21,2.92618,0.0
G0972,22,2.92618,0.0
G0972,23,2.92618,0.0
G0972,24,2.92618,0.0
G0973,1,0.76081,0.0
G0973,2,0.76081,0.0
G0973,3,0.76081,0.0
G0973,4,0.76081,0.0
G0973,5,0.76081,0.0
G0973,6,0.76081,0.0
G0973,7,0.76081,0.0
G0973,8,0.76081,0.0
G0973,9,0.76081,0.0
G0973,10,0.76081,0.0
G0973,11,0.76081,0.0
G0973,12,0.76081,0.0
G0973,13,0.76081,0.0
G0973,14,0.76081,0.0
G0973,15,0.76081,0.0
G0973,16,0.76081,0.0
G0973,17,0.76081,0.0
G0973,18,0.76081,0.0
G0973,19,0.76081,0.0
G0973,20,0.76081,0.0
G0973,21,0.76081,0.0
G0973,22,0.76081,0.0
G0973,23,0.76081,0.0
G0973,24,0.76081,0.0
G0460,1,4.8,0.0
G0460,2,4.76,0.0
G0460,3,4.68,0.0
G0460,4,4.48,0.0
G0460,5,4.28,0.0
G0460,6,3.8600000000000003,0.0
G0460,7,3.4799999999999995,0.0
G0460,8,3.16,0.0
G0460,9,3.3,0.0
G0460,10,3.66,0.0
G0460,11,3.24,0.0
G0460,12,3.7199999999999998,0.0
G0460,13,4.12,0.0
G0460,14,4.68,0.0
G0460,15,5.04,0.0
G0460,16,5.2,0.0
G0460,17,5.26,0.0
G0460,18,5.28,0.0
G0460,19,4.94,0.0
G0460,20,4.46,0.0
G0460,21,3.9400000000000004,0.0
G0460,22,3.4799999999999995,0.0
G0460,23,3.08,0.0
G0460,24,3.12,0.0
G0014,1,6.24,0.0
G0014,2,6.188,0.0
G0014,3,6.084,0.0
G0014,4,5.824,0.0
G0014,5,5.564,0.0
G0014,6,5.018,0.0
G0014,7,4.524,0.0
G0014,8,4.108,0.0
G0014,9,4.29,0.0
G0014,10,4.758,0.0
G0014,11,4.212,0.0
G0014,12,4.836,0.0
G0014,13,5.356,0.0
G0014,14,6.084,0.0
G0014,15,6.552,0.0
G0014,16,6.76,0.0
G0014,17,6.838,0.0
G0014,18,6.864000000000001,0.0
G0014,19,6.422,0.0
G0014,20,5.798,0.0
G0014,21,5.122,0.0
G0014,22,4.524,0.0
G0014,23,4.004,0.0
G0014,24,4.056,0.0
G0016,1,6.72,0.0
G0016,2,6.664,0.0
G0016,3,6.552,0.0
G0016,4,6.272,0.0
G0016,5,5.992,0.0
G0016,6,5.404,0.0
G0016,7,4.872,0.0
G0016,8,4.424,0.0
G0016,9,4.62,0.0
G0016,10,5.124,0.0
G0016,11,4.536,0.0
G0016,12,5.208,0.0
G0016,13,5.768,0.0
G0016,14,6.552,0.0
G0016,15,7.056,0.0
G0016,16,7.28,0.0
G0016,17,7.364000000000001,0.0
G0016,18,7.392,0.0
G0016,19,6.916,0.0
G0016,20,6.244,0.0
G0016,21,5.516,0.0
G0016,22,4.872,0.0
G0016,23,4.312,0.0
G0016,24,4.368,0.0
G0018,1,16.8,0.0
G0018,2,16.66,0.0
G0018,3,16.38,0.0
G0018,4,15.68,0.0
G0018,5,14.98,0.0
G0018,6,13.51,0.0
G0018,7,12.18,0.0
G0018,8,11.06,0.0
G0018,9,11.55,0.0
G0018,10,12.81,0.0
G0018,11,11.34,0.0
G0018,12,13.02,0.0
G0018,13,14.42,0.0
G0018,14,16.38,0.0
G0018,15,17.64,0.0
G0018,16,18.2,0.0
G0018,17,18.41,0.0
G0018,18,18.48,0.0
G0018,19,17.29,0.0
G0018,20,15.61,0.0
G0018,21,13.79,0.0
G0018,22,12.18,0.0
G0018,23,10.78,0.0
G0018,24,10.92,0.0
G0022,1,58.56,0.0
G0022,2,58.072,0.0
G0022,3,57.096,0.0
G0022,4,54.656,0.0
G0022,5,52.216,0.0
G0022,6,47.092,0.0
G0022,7,42.456,0.0
G0022,8,38.552,0.0
G0022,9,40.26,0.0
G0022,10,44.652,0.0
G0022,11,39.528,0.0
G0022,12,45.384,0.0
G0022,13,50.264,0.0
G0022,14,57.096,0.0
G0022,15,61.488,0.0
G0022,16,63.440000000000005,0.0
G0022,17,64.172,0.0
G0022,18,64.416,0.0
G0022,19,60.268,0.0
G0022,20,54.412,0.0
G0022,21,48.068,0.0
G0022,22,42.456,0.0
G0022,23,37.576,0.0
G0022,24,38.064,0.0
G0023,1,22.08,0.0
G0023,2,21.896,0.0
G0023,3,21.528,0.0
G0023,4,20.608,0.0
G0023,5,19.688,0.0
G0023,6,17.756,0.0
G0023,7,16.008,0.0
G0023,8,14.536,0.0
G0023,9,15.180000000000001,0.0
G0023,10,16.836,0.0
G0023,11,14.904,0.0
G0023,12,17.112,0.0
G0023,13,18.952,0.0
G0023,14,21.528,0.0
G0023,15,23.184,0.0
G0023,16,23.92,0.0
G0023,17,24.196,0.0
G0023,18,24.288,0.0
G0023,19,22.724,0.0
G0023,20,20.516,0.0
G0023,21,18.124,0.0
G0023,22,16.008,0.0
G0023,23,14.168,0.0
G0023,24,14.352,0.0
G0027,1,45.36,0.0
G0027,2,44.982,0.0
G0027,3,44.226,0.0
G0027,4,42.336,0.0
G0027,5,40.446,0.0
G0027,6,36.477,0.0
G0027,7,32.886,0.0
G0027,8,29.862000000000002,0.0
G0027,9,31.184999999999995,0.0
G0027,10,34.587,0.0
G0027,11,30.618000000000002,0.0
G0027,12,35.154,0.0
G0027,13,38.934,0.0
G0027,14,44.226,0.0
G0027,15,47.628,0.0
G0027,16,49.14,0.0
G0027,17,49.707,0.0
G0027,18,49.896,0.0
G0027,19,46.683,0.0
G0027,20,42.147,0.0
G0027,21,37.233,0.0
G0027,22,32.886,0.0
G0027,23,29.105999999999998,0.0
G0027,24,29.483999999999998,0.0
G0028,1,10.8,0.0
G0028,2,10.71,0.0
G0028,3,10.53,0.0
G0028,4,10.08,0.0
G0028,5,9.63,0.0
G0028,6,8.685,0.0
G0028,7,7.829999999999999,0.0
G0028,8,7.11,0.0
G0028,9,7.425000000000001,0.0
G0028,10,8.235,0.0
G0028,11,7.29,0.0
G0028,12,8.37,0.0
G0028,13,9.27,0.0
G0028,14,10.53,0.0
G0028,15,11.34,0.0
G0028,16,11.700000000000001,0.0
G0028,17,11.835,0.0
G0028,18,11.88,0.0
G0028,19,11.115,0.0
G0028,20,10.035,0.0
G0028,21,8.865,0.0
G0028,22,7.829999999999999,0.0
G0028,23,6.93,0.0
G0028,24,7.02,0.0
G0033,1,11.04,0.0
G0033,2,10.948,0.0
G0033,3,10.764,0.0
G0033,4,10.304,0.0
G0033,5,9.844,0.0
G0033,6,8.878,0.0
G0033,7,8.004,0.0
G0033,8,7.268,0.0
G0033,9,7.590000000000001,0.0
G0033,10,8.418,0.0
G0033,11,7.452,0.0
G0033,12,8.556,0.0
G0033,13,9.476,0.0
G0033,14,10.764,0.0
G0033,15,11.592,0.0
G0033,16,11.96,0.0
G0033,17,12.098,0.0
G0033,18,12.144,0.0
G0033,19,11.362,0.0
G0033,20,10.258,0.0
G0033,21,9.062,0.0
G0033,22,8.004,0.0
G0033,23,7.084,0.0
G0033,24,7.176,0.0
G0035,1,23.52,0.0
G0035,2,23.324,0.0
G0035,3,22.932,0.0
G0035,4,21.952,0.0
G0035,5,20.972,0.0
G0035,6,18.914,0.0
G0035,7,17.052,0.0
G0035,8,15.484,0.0
G0035,9,16.17,0.0
G0035,10,17.934,0.0
G0035,11,15.876000000000001,0.0
G0035,12,18.228,0.0
G0035,13,20.188,0.0
G0035,14,22.932,0.0
G0035,15,24.696,0.0
G0035,16,25.48,0.0
G0035,17,25.774,0.0
G0035,18,25.872,0.0
G0035,19,24.206,0.0
G0035,20,21.854,0.0
G0035,21,19.306,0.0
G0035,22,17.052,0.0
G0035,23,15.092,0.0
G0035,24,15.288,0.0
G0036,1,42.72,0.0
G0036,2,42.364,0.0
G0036,3,41.652,0.0
G0036,4,39.872,0.0
G0036,5,38.092,0.0
G0036,6,34.354,0.0
G0036,7,30.972,0.0
G0036,8,28.124,0.0
G0036,9,29.37,0.0
G0036,10,32.574,0.0
G0036,11,28.836000000000002,0.0
G0036,12,33.108,0.0
G0036,13,36.668,0.0
G0036,14,41.652,0.0
G0036,15,44.856,0.0
G0036,16,46.28,0.0
G0036,17,46.814,0.0
G0036,18,46.992000000000004,0.0
G0036,19,43.966,0.0
G0036,20,39.694,0.0
G0036,21,35.066,0.0
G0036,22,30.972,0.0
G0036,23,27.412,0.0
G0036,24,27.768,0.0
G0038,1,135.12,0.0
G0038,2,133.994,0.0
G0038,3,131.742,0.0
G0038,4,126.11199999999998,0.0
G0038,5,120.482,0.0
G0038,6,108.659,0.0
G0038,7,97.962,0.0
G0038,8,88.95400000000001,0.0
G0038,9,92.89499999999998,0.0
G0038,10,103.029,0.0
G0038,11,91.206,0.0
G0038,12,104.718,0.0
G0038,13,115.978,0.0
G0038,14,131.742,0.0
G0038,15,141.876,0.0
G0038,16,146.38,0.0
G0038,17,148.069,0.0
G0038,18,148.632,0.0
G0038,19,139.061,0.0
G0038,20,125.549,0.0
G0038,21,110.911,0.0
G0038,22,97.962,0.0
G0038,23,86.702,0.0
G0038,24,87.828,0.0
G0042,1,84.768,0.0
G0042,2,84.0616,0.0
G0042,3,82.6488,0.0
G0042,4,79.1168,0.0
G0042,5,75.5848,0.0
G0042,6,68.1676,0.0
G0042,7,61.4568,0.0
G0042,8,55.8056,0.0
G0042,9,58.278,0.0
G0042,10,64.6356,0.0
G0042,11,57.2184,0.0
G0042,12,65.6952,0.0
G0042,13,72.7592,0.0
G0042,14,82.6488,0.0
G0042,15,89.0064,0.0
G0042,16,91.832,0.0
G0042,17,92.8916,0.0
G0042,18,93.2448,0.0
G0042,19,87.2404,0.0
G0042,20,78.7636,0.0
G0042,21,69.5804,0.0
G0042,22,61.4568,0.0
G0042,23,54.392799999999994,0.0
G0042,24,55.09920000000001,0.0
G0048,1,21.36,0.0
G0048,2,21.182,0.0
G0048,3,20.826,0.0
G0048,4,19.936,0.0
G0048,5,19.046,0.0
G0048,6,17.177,0.0
G0048,7,15.486,0.0
G0048,8,14.062,0.0
G0048,9,14.685,0.0
G0048,10,16.287,0.0
G0048,11,14.418000000000001,0.0
G0048,12,16.554,0.0
G0048,13,18.334,0.0
G0048,14,20.826,0.0
G0048,15,22.428,0.0
G0048,16,23.14,0.0
G0048,17,23.407,0.0
G0048,18,23.496000000000002,0.0
G0048,19,21.983,0.0
G0048,20,19.847,0.0
G0048,21,17.533,0.0
G0048,22,15.486,0.0
G0048,23,13.706,0.0
G0048,24,13.884,0.0
G0050,1,101.76,0.0
G0050,2,100.912,0.0
G0050,3,99.216,0.0
G0050,4,94.976,0.0
G0050,5,90.736,0.0
G0050,6,81.832,0.0
G0050,7,73.776,0.0
G0050,8,66.992,0.0
G0050,9,69.96,0.0
G0050,10,77.592,0.0
G0050,11,68.688,0.0
G0050,12,78.864,0.0
G0050,13,87.344,0.0
G0050,14,99.216,0.0
G0050,15,106.848,0.0
G0050,16,110.24000000000001,0.0
G0050,17,111.512,0.0
G0050,18,111.936,0.0
G0050,19,104.728,0.0
G0050,20,94.552,0.0
G0050,21,83.528,0.0
G0050,22,73.776,0.0
G0050,23,65.296,0.0
G0050,24,66.144,0.0
G0056,1,12.96,0.0
G0056,2,12.852,0.0
G0056,3,12.636,0.0
G0056,4,12.096,0.0
G0056,5,11.556,0.0
G0056,6,10.422,0.0
G0056,7,9.396,0.0
G0056,8,8.532,0.0
G0056,9,8.91,0.0
G0056,10,9.882,0.0
G0056,11,8.748,0.0
G0056,12,10.044,0.0
G0056,13,11.124,0.0
G0056,14,12.636,0.0
G0056,15,13.608,0.0
G0056,16,14.040000000000001,0.0
G0056,17,14.202,0.0
G0056,18,14.256,0.0
G0056,19,13.338,0.0
G0056,20,12.042,0.0
G0056,21,10.638,0.0
G0056,22,9.396,0.0
G0056,23,8.316,0.0
G0056,24,8.424,0.0
G0060,1,69.6,0.0
G0060,2,69.02,0.0
G0060,3,67.86,0.0
G0060,4,64.96,0.0
G0060,5,62.06,0.0
G0060,6,55.97,0.0
G0060,7,50.46000000000001,0.0
G0060,8,45.82,0.0
G0060,9,47.85,0.0
G0060,10,53.07,0.0
G0060,11,46.98,0.0
G0060,12,53.94,0.0
G0060,13,59.74,0.0
G0060,14,67.86,0.0
G0060,15,73.08,0.0
G0060,16,75.4,0.0
G0060,17,76.27000000000001,0.0
G0060,18,76.56,0.0
G0060,19,71.63,0.0
G0060,20,64.67,0.0
G0060,21,57.13,0.0
G0060,22,50.46000000000001,0.0
G0060,23,44.66,0.0
G0060,24,45.24,0.0
G0061,1,21.84,0.0
G0061,2,21.658,0.0
G0061,3,21.294,0.0
G0061,4,20.384,0.0
G0061,5,19.474,0.0
G0061,6,17.563,0.0
G0061,7,15.834,0.0
G0061,8,14.378,0.0
G0061,9,15.015,0.0
G0061,10,16.653,0.0
G0061,11,14.742,0.0
G0061,12,16.926,0.0
G0061,13,18.746,0.0
G0061,14,21.294,0.0
G0061,15,22.932,0.0
G0061,16,23.66,0.0
G0061,17,23.933,0.0
G0061,18,24.024,0.0
G0061,19,22.477,0.0
G0061,20,20.293,0.0
G0061,21,17.927,0.0
G0061,22,15.834,0.0
G0061,23,14.014,0.0
G0061,24,14.196,0.0
G0068,1,17.28,0.0
G0068,2,17.136,0.0
G0068,3,16.848,0.0
G0068,4,16.128,0.0
G0068,5,15.408,0.0
G0068,6,13.896,0.0
G0068,7,12.528,0.0
G0068,8,11.376,0.0
G0068,9,11.88,0.0
G0068,10,13.176,0.0
G0068,11,11.664,0.0
G0068,12,13.392,0.0
G0068,13,14.832,0.0
G0068,14,16.848,0.0
G0068,15,18.144,0.0
G0068,16,18.72,0.0
G0068,17,18.936,0.0
G0068,18,19.008000000000003,0.0
G0068,19,17.784,0.0
G0068,20,16.056,0.0
G0068,21,14.184,0.0
G0068,22,12.528,0.0
G0068,23,11.088,0.0
G0068,24,11.232,0.0
G0069,1,7.92,0.0
G0069,2,7.853999999999999,0.0
G0069,3,7.722,0.0
G0069,4,7.392,0.0
G0069,5,7.062,0.0
G0069,6,6.369,0.0
G0069,7,5.742,0.0
G0069,8,5.214,0.0
G0069,9,5.445,0.0
G0069,10,6.039,0.0
G0069,11,5.346,0.0
G0069,12,6.138,0.0
G0069,13,6.798,0.0
G0069,14,7.722,0.0
G0069,15,8.316,0.0
G0069,16,8.58,0.0
G0069,17,8.679,0.0
G0069,18,8.712,0.0
G0069,19,8.151,0.0
G0069,20,7.359,0.0
G0069,21,6.501,0.0
G0069,22,5.742,0.0
G0069,23,5.082,0.0
G0069,24,5.148,0.0
G0073,1,12.0,0.0
G0073,2,11.9,0.0
G0073,3,11.7,0.0
G0073,4,11.2,0.0
G0073,5,10.7,0.0
G0073,6,9.65,0.0
G0073,7,8.7,0.0
G0073,8,7.9,0.0
G0073,9,8.25,0.0
G0073,10,9.15,0.0
G0073,11,8.1,0.0
G0073,12,9.3,0.0
G0073,13,10.3,0.0
G0073,14,11.7,0.0
G0073,15,12.6,0.0
G0073,16,13.0,0.0
G0073,17,13.15,0.0
G0073,18,13.200000000000001,0.0
G0073,19,12.35,0.0
G0073,20,11.15,0.0
G0073,21,9.85,0.0
G0073,22,8.7,0.0
G0073,23,7.7,0.0
G0073,24,7.8,0.0
G0075,1,53.76,0.0
G0075,2,53.312,0.0
G0075,3,52.416,0.0
G0075,4,50.176,0.0
G0075,5,47.936,0.0
G0075,6,43.232,0.0
G0075,7,38.976,0.0
G0075,8,35.392,0.0
G0075,9,36.96,0.0
G0075,10,40.992,0.0
G0075,11,36.288,0.0
G0075,12,41.664,0.0
G0075,13,46.144,0.0
G0075,14,52.416,0.0
G0075,15,56.448,0.0
G0075,16,58.24,0.0
G0075,17,58.912000000000006,0.0
G0075,18,59.136,0.0
G0075,19,55.328,0.0
G0075,20,49.952,0.0
G0075,21,44.128,0.0
G0075,22,38.976,0.0
G0075,23,34.496,0.0
G0075,24,34.944,0.0
G0081,1,9.36,0.0
G0081,2,9.282,0.0
G0081,3,9.126,0.0
G0081,4,8.736,0.0
G0081,5,8.346,0.0
G0081,6,7.527,0.0
G0081,7,6.786,0.0
G0081,8,6.162,0.0
G0081,9,6.435,0.0
G0081,10,7.137,0.0
G0081,11,6.317999999999999,0.0
G0081,12,7.254,0.0
G0081,13,8.034,0.0
G0081,14,9.126,0.0
G0081,15,9.828,0.0
G0081,16,10.14,0.0
G0081,17,10.257,0.0
G0081,18,10.295999999999998,0.0
G0081,19,9.633,0.0
G0081,20,8.697,0.0
G0081,21,7.683000000000001,0.0
G0081,22,6.786,0.0
G0081,23,6.006,0.0
G0081,24,6.084,0.0
G0089,1,4.32,0.0
G0089,2,4.284,0.0
G0089,3,4.212,0.0
G0089,4,4.032,0.0
G0089,5,3.852,0.0
G0089,6,3.474,0.0
G0089,7,3.132,0.0
G0089,8,2.844,0.0
G0089,9,2.97,0.0
G0089,10,3.294,0.0
G0089,11,2.916,0.0
G0089,12,3.348,0.0
G0089,13,3.708,0.0
G0089,14,4.212,0.0
G0089,15,4.536,0.0
G0089,16,4.68,0.0
G0089,17,4.734,0.0
G0089,18,4.752000000000001,0.0
G0089,19,4.446,0.0
G0089,20,4.014,0.0
G0089,21,3.546,0.0
G0089,22,3.132,0.0
G0089,23,2.772,0.0
G0089,24,2.808,0.0
G0097,1,21.6,0.0
G0097,2,21.42,0.0
G0097,3,21.06,0.0
G0097,4,20.16,0.0
G0097,5,19.26,0.0
G0097,6,17.37,0.0
G0097,7,15.659999999999998,0.0
G0097,8,14.22,0.0
G0097,9,14.850000000000001,0.0
G0097,10,16.47,0.0
G0097,11,14.58,0.0
G0097,12,16.74,0.0
G0097,13,18.54,0.0
G0097,14,21.06,0.0
G0097,15,22.68,0.0
G0097,16,23.400000000000002,0.0
G0097,17,23.67,0.0
G0097,18,23.76,0.0
G0097,19,22.23,0.0
G0097,20,20.07,0.0
G0097,21,17.73,0.0
G0097,22,15.659999999999998,0.0
G0097,23,13.86,0.0
G0097,24,14.04,0.0
G0099,1,42.768,0.0
G0099,2,42.4116,0.0
G0099,3,41.6988,0.0
G0099,4,39.9168,0.0
G0099,5,38.1348,0.0
G0099,6,34.3926,0.0
G0099,7,31.006800000000002,0.0
G0099,8,28.1556,0.0
G0099,9,29.403,0.0
G0099,10,32.6106,0.0
G0099,11,28.868399999999998,0.0
G0099,12,33.1452,0.0
G0099,13,36.7092,0.0
G0099,14,41.6988,0.0
G0099,15,44.9064,0.0
G0099,16,46.332,0.0
G0099,17,46.8666,0.0
G0099,18,47.0448,0.0
G0099,19,44.0154,0.0
G0099,20,39.7386,0.0
G0099,21,35.1054,0.0
G0099,22,31.006800000000002,0.0
G0099,23,27.4428,0.0
G0099,24,27.7992,0.0
G0101,1,30.24,0.0
G0101,2,29.988,0.0
G0101,3,29.484,0.0
G0101,4,28.224,0.0
G0101,5,26.964,0.0
G0101,6,24.318,0.0
G0101,7,21.924,0.0
G0101,8,19.908,0.0
G0101,9,20.79,0.0
G0101,10,23.058,0.0
G0101,11,20.412,0.0
G0101,12,23.436,0.0
G0101,13,25.956,0.0
G0101,14,29.484,0.0
G0101,15,31.752,0.0
G0101,16,32.76,0.0
G0101,17,33.138,0.0
G0101,18,33.264,0.0
G0101,19,31.122,0.0
G0101,20,28.098,0.0
G0101,21,24.822,0.0
G0101,22,21.924,0.0
G0101,23,19.404,0.0
G0101,24,19.656,0.0
G0103,1,3.12,0.0
G0103,2,3.094,0.0
G0103,3,3.042,0.0
G0103,4,2.912,0.0
G0103,5,2.782,0.0
G0103,6,2.509,0.0
G0103,7,2.262,0.0
G0103,8,2.054,0.0
G0103,9,2.145,0.0
G0103,10,2.379,0.0
G0103,11,2.106,0.0
G0103,12,2.418,0.0
G0103,13,2.678,0.0
G0103,14,3.042,0.0
G0103,15,3.276,0.0
G0103,16,3.38,0.0
G0103,17,3.419,0.0
G0103,18,3.4320000000000004,0.0
G0103,19,3.211,0.0
G0103,20,2.899,0.0
G0103,21,2.561,0.0
G0103,22,2.262,0.0
G0103,23,2.002,0.0
G0103,24,2.028,0.0
G0105,1,106.08,0.0
G0105,2,105.196,0.0
G0105,3,103.428,0.0
G0105,4,99.008,0.0
G0105,5,94.588,0.0
G0105,6,85.306,0.0
G0105,7,76.908,0.0
G0105,8,69.836,0.0
G0105,9,72.93,0.0
G0105,10,80.886,0.0
G0105,11,71.604,0.0
G0105,12,82.212,0.0
G0105,13,91.052,0.0
G0105,14,103.428,0.0
G0105,15,111.384,0.0
G0105,16,114.92,0.0
G0105,17,116.24600000000001,0.0
G0105,18,116.688,0.0
G0105,19,109.174,0.0
G0105,20,98.566,0.0
G0105,21,87.074,0.0
G0105,22,76.908,0.0
G0105,23,68.068,0.0
G0105,24,68.952,0.0
G0119,1,24.24,0.0
G0119,2,24.038,0.0
G0119,3,23.634,0.0
G0119,4,22.624,0.0
G0119,5,21.614,0.0
G0119,6,19.493,0.0
G0119,7,17.574,0.0
G0119,8,15.958,0.0
G0119,9,16.665,0.0
G0119,10,18.483,0.0
G0119,11,16.362,0.0
G0119,12,18.786,0.0
G0119,13,20.806,0.0
G0119,14,23.634,0.0
G0119,15,25.452,0.0
G0119,16,26.26,0.0
G0119,17,26.563000000000002,0.0
G0119,18,26.664,0.0
G0119,19,24.947,0.0
G0119,20,22.523,0.0
G0119,21,19.897,0.0
G0119,22,17.574,0.0
G0119,23,15.554,0.0
G0119,24,15.756,0.0
G0120,1,30.72,0.0
G0120,2,30.464,0.0
G0120,3,29.952,0.0
G0120,4,28.672,0.0
G0120,5,27.392,0.0
G0120,6,24.704,0.0
G0120,7,22.272,0.0
G0120,8,20.224,0.0
G0120,9,21.12,0.0
G0120,10,23.424,0.0
G0120,11,20.736,0.0
G0120,12,23.808,0.0
G0120,13,26.368,0.0
G0120,14,29.952,0.0
G0120,15,32.256,0.0
G0120,16,33.28,0.0
G0120,17,33.664,0.0
G0120,18,33.792,0.0
G0120,19,31.616,0.0
G0120,20,28.544,0.0
G0120,21,25.216,0.0
G0120,22,22.272,0.0
G0120,23,19.712,0.0
G0120,24,19.968,0.0
G0122,1,48.0,0.0
G0122,2,47.6,0.0
G0122,3,46.8,0.0
G0122,4,44.8,0.0
G0122,5,42.8,0.0
G0122,6,38.6,0.0
G0122,7,34.8,0.0
G0122,8,31.6,0.0
G0122,9,33.0,0.0
G0122,10,36.6,0.0
G0122,11,32.4,0.0
G0122,12,37.2,0.0
G0122,13,41.2,0.0
G0122,14,46.8,0.0
G0122,15,50.4,0.0
G0122,16,52.0,0.0
G0122,17,52.6,0.0
G0122,18,52.800000000000004,0.0
G0122,19,49.4,0.0
G0122,20,44.6,0.0
G0122,21,39.4,0.0
G0122,22,34.8,0.0
G0122,23,30.8,0.0
G0122,24,31.2,0.0
G0124,1,3.6,0.0
G0124,2,3.57,0.0
G0124,3,3.51,0.0
G0124,4,3.36,0.0
G0124,5,3.21,0.0
G0124,6,2.895,0.0
G0124,7,2.61,0.0
G0124,8,2.37,0.0
G0124,9,2.475,0.0
G0124,10,2.745,0.0
G0124,11,2.43,0.0
G0124,12,2.79,0.0
G0124,13,3.09,0.0
G0124,14,3.51,0.0
G0124,15,3.7800000000000002,0.0
G0124,16,3.9000000000000004,0.0
G0124,17,3.9450000000000003,0.0
G0124,18,3.96,0.0
G0124,19,3.705,0.0
G0124,20,3.345,0.0
G0124,21,2.955,0.0
G0124,22,2.61,0.0
G0124,23,2.31,0.0
G0124,24,2.34,0.0
G0130,1,6.0,0.0
G0130,2,5.95,0.0
G0130,3,5.85,0.0
G0130,4,5.6,0.0
G0130,5,5.35,0.0
G0130,6,4.825,0.0
G0130,7,4.35,0.0
G0130,8,3.95,0.0
G0130,9,4.125,0.0
G0130,10,4.575,0.0
G0130,11,4.05,0.0
G0130,12,4.65,0.0
G0130,13,5.15,0.0
G0130,14,5.85,0.0
G0130,15,6.3,0.0
G0130,16,6.5,0.0
G0130,17,6.575,0.0
G0130,18,6.6000000000000005,0.0
G0130,19,6.175,0.0
G0130,20,5.575,0.0
G0130,21,4.925,0.0
G0130,22,4.35,0.0
G0130,23,3.85,0.0
G0130,24,3.9,0.0
G0134,1,17.76,0.0
G0134,2,17.612,0.0
G0134,3,17.316,0.0
G0134,4,16.576,0.0
G0134,5,15.836,0.0
G0134,6,14.282,0.0
G0134,7,12.876,0.0
G0134,8,11.692,0.0
G0134,9,12.21,0.0
G0134,10,13.542,0.0
G0134,11,11.988,0.0
G0134,12,13.764,0.0
G0134,13,15.244,0.0
G0134,14,17.316,0.0
G0134,15,18.648,0.0
G0134,16,19.239999999999995,0.0
G0134,17,19.462,0.0
G0134,18,19.536,0.0
G0134,19,18.278,0.0
G0134,20,16.502,0.0
G0134,21,14.578,0.0
G0134,22,12.876,0.0
G0134,23,11.395999999999999,0.0
G0134,24,11.544,0.0
G0137,1,7.2,0.0
G0137,2,7.14,0.0
G0137,3,7.02,0.0
G0137,4,6.72,0.0
G0137,5,6.42,0.0
G0137,6,5.79,0.0
G0137,7,5.22,0.0
G0137,8,4.74,0.0
G0137,9,4.95,0.0
G0137,10,5.49,0.0
G0137,11,4.86,0.0
G0137,12,5.58,0.0
G0137,13,6.18,0.0
G0137,14,7.02,0.0
G0137,15,7.5600000000000005,0.0
G0137,16,7.800000000000001,0.0
G0137,17,7.890000000000001,0.0
G0137,18,7.92,0.0
G0137,19,7.41,0.0
G0137,20,6.69,0.0
G0137,21,5.91,0.0
G0137,22,5.22,0.0
G0137,23,4.62,0.0
G0137,24,4.68,0.0
G0142,1,18.24,0.0
G0142,2,18.088,0.0
G0142,3,17.784,0.0
G0142,4,17.024,0.0
G0142,5,16.264,0.0
G0142,6,14.667999999999997,0.0
G0142,7,13.224000000000002,0.0
G0142,8,12.008000000000001,0.0
G0142,9,12.54,0.0
G0142,10,13.908,0.0
G0142,11,12.312000000000001,0.0
G0142,12,14.136,0.0
G0142,13,15.656,0.0
G0142,14,17.784,0.0
G0142,15,19.152,0.0
G0142,16,19.76,0.0
G0142,17,19.988,0.0
G0142,18,20.064,0.0
G0142,19,18.772,0.0
G0142,20,16.948,0.0
G0142,21,14.971999999999998,0.0
G0142,22,13.224000000000002,0.0
G0142,23,11.704,0.0
G0142,24,11.856,0.0
G0147,1,4.8,0.0
G0147,2,4.76,0.0
G0147,3,4.68,0.0
G0147,4,4.48,0.0
G0147,5,4.28,0.0
G0147,6,3.8600000000000003,0.0
G0147,7,3.4799999999999995,0.0
G0147,8,3.16,0.0
G0147,9,3.3,0.0
G0147,10,3.66,0.0
G0147,11,3.24,0.0
G0147,12,3.7199999999999998,0.0
G0147,13,4.12,0.0
G0147,14,4.68,0.0
G0147,15,5.04,0.0
G0147,16,5.2,0.0
G0147,17,5.26,0.0
G0147,18,5.28,0.0
G0147,19,4.94,0.0
G0147,20,4.46,0.0
G0147,21,3.9400000000000004,0.0
G0147,22,3.4799999999999995,0.0
G0147,23,3.08,0.0
G0147,24,3.12,0.0
G0148,1,6.96,0.0
G0148,2,6.902,0.0
G0148,3,6.786,0.0
G0148,4,6.496,0.0
G0148,5,6.206,0.0
G0148,6,5.597,0.0
G0148,7,5.046,0.0
G0148,8,4.582,0.0
G0148,9,4.785,0.0
G0148,10,5.307,0.0
G0148,11,4.698,0.0
G0148,12,5.394,0.0
G0148,13,5.974,0.0
G0148,14,6.786,0.0
G0148,15,7.308,0.0
G0148,16,7.54,0.0
G0148,17,7.627000000000001,0.0
G0148,18,7.656000000000001,0.0
G0148,19,7.163,0.0
G0148,20,6.467,0.0
G0148,21,5.713,0.0
G0148,22,5.046,0.0
G0148,23,4.466,0.0
G0148,24,4.524,0.0
G0150,1,24.0,0.0
G0150,2,23.8,0.0
G0150,3,23.4,0.0
G0150,4,22.4,0.0
G0150,5,21.4,0.0
G0150,6,19.3,0.0
G0150,7,17.4,0.0
G0150,8,15.8,0.0
G0150,9,16.5,0.0
G0150,10,18.3,0.0
G0150,11,16.2,0.0
G0150,12,18.6,0.0
G0150,13,20.6,0.0
G0150,14,23.4,0.0
G0150,15,25.2,0.0
G0150,16,26.0,0.0
G0150,17,26.3,0.0
G0150,18,26.400000000000002,0.0
G0150,19,24.7,0.0
G0150,20,22.3,0.0
G0150,21,19.7,0.0
G0150,22,17.4,0.0
G0150,23,15.4,0.0
G0150,24,15.6,0.0
G0152,1,6.72,0.0
G0152,2,6.664,0.0
G0152,3,6.552,0.0
G0152,4,6.272,0.0
G0152,5,5.992,0.0
G0152,6,5.404,0.0
G0152,7,4.872,0.0
G0152,8,4.424,0.0
G0152,9,4.62,0.0
G0152,10,5.124,0.0
G0152,11,4.536,0.0
G0152,12,5.208,0.0
G0152,13,5.768,0.0
G0152,14,6.552,0.0
G0152,15,7.056,0.0
G0152,16,7.28,0.0
G0152,17,7.364000000000001,0.0
G0152,18,7.392,0.0
G0152,19,6.916,0.0
G0152,20,6.244,0.0
G0152,21,5.516,0.0
G0152,22,4.872,0.0
G0152,23,4.312,0.0
G0152,24,4.368,0.0
G0153,1,118.992,0.0
G0153,2,118.0004,0.0
G0153,3,116.0172,0.0
G0153,4,111.0592,0.0
G0153,5,106.1012,0.0
G0153,6,95.6894,0.0
G0153,7,86.2692,0.0
G0153,8,78.3364,0.0
G0153,9,81.807,0.0
G0153,10,90.7314,0.0
G0153,11,80.3196,0.0
G0153,12,92.2188,0.0
G0153,13,102.1348,0.0
G0153,14,116.0172,0.0
G0153,15,124.94160000000001,0.0
G0153,16,128.908,0.0
G0153,17,130.3954,0.0
G0153,18,130.8912,0.0
G0153,19,122.4626,0.0
G0153,20,110.5634,0.0
G0153,21,97.6726,0.0
G0153,22,86.2692,0.0
G0153,23,76.3532,0.0
G0153,24,77.3448,0.0
G0159,1,41.52,0.0
G0159,2,41.174,0.0
G0159,3,40.482,0.0
G0159,4,38.752,0.0
G0159,5,37.022,0.0
G0159,6,33.389,0.0
G0159,7,30.101999999999997,0.0
G0159,8,27.334,0.0
G0159,9,28.545,0.0
G0159,10,31.659,0.0
G0159,11,28.026,0.0
G0159,12,32.178,0.0
G0159,13,35.638,0.0
G0159,14,40.482,0.0
G0159,15,43.596000000000004,0.0
G0159,16,44.980000000000004,0.0
G0159,17,45.499,0.0
G0159,18,45.67199999999999,0.0
G0159,19,42.731,0.0
G0159,20,38.579,0.0
G0159,21,34.081,0.0
G0159,22,30.101999999999997,0.0
G0159,23,26.642,0.0
G0159,24,26.988,0.0
G0165,1,5.76,0.0
G0165,2,5.712,0.0
G0165,3,5.616,0.0
G0165,4,5.376,0.0
G0165,5,5.136,0.0
G0165,6,4.632,0.0
G0165,7,4.176,0.0
G0165,8,3.792,0.0
G0165,9,3.96,0.0
G0165,10,4.392,0.0
G0165,11,3.888,0.0
G0165,12,4.464,0.0
G0165,13,4.944,0.0
G0165,14,5.616,0.0
G0165,15,6.048,0.0
G0165,16,6.24,0.0
G0165,17,6.312,0.0
G0165,18,6.336,0.0
G0165,19,5.928,0.0
G0165,20,5.352,0.0
G0165,21,4.728,0.0
G0165,22,4.176,0.0
G0165,23,3.6959999999999997,0.0
G0165,24,3.7439999999999998,0.0
G0167,1,6.48,0.0
G0167,2,6.426,0.0
G0167,3,6.318,0.0
G0167,4,6.048,0.0
G0167,5,5.778,0.0
G0167,6,5.211,0.0
G0167,7,4.698,0.0
G0167,8,4.266,0.0
G0167,9,4.455,0.0
G0167,10,4.941,0.0
G0167,11,4.374,0.0
G0167,12,5.022,0.0
G0167,13,5.562,0.0
G0167,14,6.318,0.0
G0167,15,6.804,0.0
G0167,16,7.0200000000000005,0.0
G0167,17,7.101,0.0
G0167,18,7.128,0.0
G0167,19,6.669,0.0
G0167,20,6.021,0.0
G0167,21,5.319,0.0
G0167,22,4.698,0.0
G0167,23,4.158,0.0
G0167,24,4.212,0.0
G0175,1,4.32,0.0
G0175,2,4.284,0.0
G0175,3,4.212,0.0
G0175,4,4.032,0.0
G0175,5,3.852,0.0
G0175,6,3.474,0.0
G0175,7,3.132,0.0
G0175,8,2.844,0.0
G0175,9,2.97,0.0
G0175,10,3.294,0.0
G0175,11,2.916,0.0
G0175,12,3.348,0.0
G0175,13,3.708,0.0
G0175,14,4.212,0.0
G0175,15,4.536,0.0
G0175,16,4.68,0.0
G0175,17,4.734,0.0
G0175,18,4.752000000000001,0.0
G0175,19,4.446,0.0
G0175,20,4.014,0.0
G0175,21,3.546,0.0
G0175,22,3.132,0.0
G0175,23,2.772,0.0
G0175,24,2.808,0.0
G0181,1,20.16,0.0
G0181,2,19.992,0.0
G0181,3,19.656,0.0
G0181,4,18.816,0.0
G0181,5,17.976,0.0
G0181,6,16.212,0.0
G0181,7,14.616,0.0
G0181,8,13.272,0.0
G0181,9,13.859999999999998,0.0
G0181,10,15.372,0.0
G0181,11,13.608,0.0
G0181,12,15.624,0.0
G0181,13,17.304,0.0
G0181,14,19.656,0.0
G0181,15,21.168,0.0
G0181,16,21.84,0.0
G0181,17,22.092000000000002,0.0
G0181,18,22.175999999999995,0.0
G0181,19,20.748,0.0
G0181,20,18.732,0.0
G0181,21,16.548,0.0
G0181,22,14.616,0.0
G0181,23,12.936,0.0
G0181,24,13.104,0.0
G0183,1,126.72,0.0
G0183,2,125.66399999999999,0.0
G0183,3,123.552,0.0
G0183,4,118.272,0.0
G0183,5,112.992,0.0
G0183,6,101.904,0.0
G0183,7,91.872,0.0
G0183,8,83.424,0.0
G0183,9,87.12,0.0
G0183,10,96.624,0.0
G0183,11,85.536,0.0
G0183,12,98.208,0.0
G0183,13,108.768,0.0
G0183,14,123.552,0.0
G0183,15,133.056,0.0
G0183,16,137.28,0.0
G0183,17,138.864,0.0
G0183,18,139.392,0.0
G0183,19,130.416,0.0
G0183,20,117.744,0.0
G0183,21,104.016,0.0
G0183,22,91.872,0.0
G0183,23,81.312,0.0
G0183,24,82.368,0.0
G0185,1,15.36,0.0
G0185,2,15.232,0.0
G0185,3,14.976,0.0
G0185,4,14.336,0.0
G0185,5,13.696,0.0
G0185,6,12.352,0.0
G0185,7,11.136,0.0
G0185,8,10.112,0.0
G0185,9,10.56,0.0
G0185,10,11.712,0.0
G0185,11,10.368,0.0
G0185,12,11.904,0.0
G0185,13,13.184,0.0
G0185,14,14.976,0.0
G0185,15,16.128,0.0
G0185,16,16.64,0.0
G0185,17,16.832,0.0
G0185,18,16.896,0.0
G0185,19,15.808,0.0
G0185,20,14.272,0.0
G0185,21,12.608,0.0
G0185,22,11.136,0.0
G0185,23,9.856,0.0
G0185,24,9.984,0.0
G0188,1,24.0,0.0
G0188,2,23.8,0.0
G0188,3,23.4,0.0
G0188,4,22.4,0.0
G0188,5,21.4,0.0
G0188,6,19.3,0.0
G0188,7,17.4,0.0
G0188,8,15.8,0.0
G0188,9,16.5,0.0
G0188,10,18.3,0.0
G0188,11,16.2,0.0
G0188,12,18.6,0.0
G0188,13,20.6,0.0
G0188,14,23.4,0.0
G0188,15,25.2,0.0
G0188,16,26.0,0.0
G0188,17,26.3,0.0
G0188,18,26.400000000000002,0.0
G0188,19,24.7,0.0
G0188,20,22.3,0.0
G0188,21,19.7,0.0
G0188,22,17.4,0.0
G0188,23,15.4,0.0
G0188,24,15.6,0.0
G0208,1,16.56,0.0
G0208,2,16.422,0.0
G0208,3,16.146,0.0
G0208,4,15.456,0.0
G0208,5,14.766,0.0
G0208,6,13.317,0.0
G0208,7,12.006,0.0
G0208,8,10.902,0.0
G0208,9,11.385,0.0
G0208,10,12.626999999999999,0.0
G0208,11,11.178,0.0
G0208,12,12.834,0.0
G0208,13,14.214,0.0
G0208,14,16.146,0.0
G0208,15,17.388,0.0
G0208,16,17.94,0.0
G0208,17,18.147,0.0
G0208,18,18.216,0.0
G0208,19,17.043,0.0
G0208,20,15.387,0.0
G0208,21,13.593,0.0
G0208,22,12.006,0.0
G0208,23,10.626,0.0
G0208,24,10.764,0.0
G0213,1,7.2,0.0
G0213,2,7.14,0.0
G0213,3,7.02,0.0
G0213,4,6.72,0.0
G0213,5,6.42,0.0
G0213,6,5.79,0.0
G0213,7,5.22,0.0
G0213,8,4.74,0.0
G0213,9,4.95,0.0
G0213,10,5.49,0.0
G0213,11,4.86,0.0
G0213,12,5.58,0.0
G0213,13,6.18,0.0
G0213,14,7.02,0.0
G0213,15,7.5600000000000005,0.0
G0213,16,7.800000000000001,0.0
G0213,17,7.890000000000001,0.0
G0213,18,7.92,0.0
G0213,19,7.41,0.0
G0213,20,6.69,0.0
G0213,21,5.91,0.0
G0213,22,5.22,0.0
G0213,23,4.62,0.0
G0213,24,4.68,0.0
G0215,1,10.32,0.0
G0215,2,10.234,0.0
G0215,3,10.062,0.0
G0215,4,9.632,0.0
G0215,5,9.202,0.0
G0215,6,8.299,0.0
G0215,7,7.482000000000001,0.0
G0215,8,6.7940000000000005,0.0
G0215,9,7.095000000000001,0.0
G0215,10,7.869,0.0
G0215,11,6.966,0.0
G0215,12,7.998,0.0
G0215,13,8.858,0.0
G0215,14,10.062,0.0
G0215,15,10.836,0.0
G0215,16,11.18,0.0
G0215,17,11.308999999999997,0.0
G0215,18,11.352,0.0
G0215,19,10.621,0.0
G0215,20,9.589,0.0
G0215,21,8.471,0.0
G0215,22,7.482000000000001,0.0
G0215,23,6.622,0.0
G0215,24,6.708,0.0
G0216,1,2.64,0.0
G0216,2,2.618,0.0
G0216,3,2.574,0.0
G0216,4,2.464,0.0
G0216,5,2.354,0.0
G0216,6,2.123,0.0
G0216,7,1.914,0.0
G0216,8,1.738,0.0
G0216,9,1.8150000000000002,0.0
G0216,10,2.013,0.0
G0216,11,1.782,0.0
G0216,12,2.046,0.0
G0216,13,2.266,0.0
G0216,14,2.574,0.0
G0216,15,2.7720000000000002,0.0
G0216,16,2.8600000000000003,0.0
G0216,17,2.8929999999999993,0.0
G0216,18,2.904,0.0
G0216,19,2.717,0.0
G0216,20,2.453,0.0
G0216,21,2.167,0.0
G0216,22,1.914,0.0
G0216,23,1.694,0.0
G0216,24,1.716,0.0
G0218,1,9.6,0.0
G0218,2,9.52,0.0
G0218,3,9.36,0.0
G0218,4,8.96,0.0
G0218,5,8.56,0.0
G0218,6,7.720000000000001,0.0
G0218,7,6.959999999999999,0.0
G0218,8,6.32,0.0
G0218,9,6.6,0.0
G0218,10,7.32,0.0
G0218,11,6.48,0.0
G0218,12,7.4399999999999995,0.0
G0218,13,8.24,0.0
G0218,14,9.36,0.0
G0218,15,10.08,0.0
G0218,16,10.4,0.0
G0218,17,10.52,0.0
G0218,18,10.56,0.0
G0218,19,9.88,0.0
G0218,20,8.92,0.0
G0218,21,7.880000000000001,0.0
G0218,22,6.959999999999999,0.0
G0218,23,6.16,0.0
G0218,24,6.24,0.0
G0220,1,7.2,0.0
G0220,2,7.14,0.0
G0220,3,7.02,0.0
G0220,4,6.72,0.0
G0220,5,6.42,0.0
G0220,6,5.79,0.0
G0220,7,5.22,0.0
G0220,8,4.74,0.0
G0220,9,4.95,0.0
G0220,10,5.49,0.0
G0220,11,4.86,0.0
G0220,12,5.58,0.0
G0220,13,6.18,0.0
G0220,14,7.02,0.0
G0220,15,7.5600000000000005,0.0
G0220,16,7.800000000000001,0.0
G0220,17,7.890000000000001,0.0
G0220,18,7.92,0.0
G0220,19,7.41,0.0
G0220,20,6.69,0.0
G0220,21,5.91,0.0
G0220,22,5.22,0.0
G0220,23,4.62,0.0
G0220,24,4.68,0.0
G0223,1,3.6888,0.0
G0223,2,3.65806,0.0
G0223,3,3.59658,0.0
G0223,4,3.44288,0.0
G0223,5,3.28918,0.0
G0223,6,2.96641,0.0
G0223,7,2.67438,0.0
G0223,8,2.42846,0.0
G0223,9,2.53605,0.0
G0223,10,2.81271,0.0
G0223,11,2.48994,0.0
G0223,12,2.85882,0.0
G0223,13,3.16622,0.0
G0223,14,3.59658,0.0
G0223,15,3.87324,0.0
G0223,16,3.9962,0.0
G0223,17,4.04231,0.0
G0223,18,4.05768,0.0
G0223,19,3.79639,0.0
G0223,20,3.42751,0.0
G0223,21,3.02789,0.0
G0223,22,2.67438,0.0
G0223,23,2.36698,0.0
G0223,24,2.39772,0.0
G0227,1,26.64,0.0
G0227,2,26.418,0.0
G0227,3,25.974,0.0
G0227,4,24.864,0.0
G0227,5,23.754,0.0
G0227,6,21.423,0.0
G0227,7,19.314,0.0
G0227,8,17.538,0.0
G0227,9,18.315,0.0
G0227,10,20.313,0.0
G0227,11,17.982,0.0
G0227,12,20.646,0.0
G0227,13,22.866,0.0
G0227,14,25.974,0.0
G0227,15,27.972,0.0
G0227,16,28.86,0.0
G0227,17,29.193,0.0
G0227,18,29.304000000000002,0.0
G0227,19,27.417,0.0
G0227,20,24.753,0.0
G0227,21,21.867,0.0
G0227,22,19.314,0.0
G0227,23,17.094,0.0
G0227,24,17.316,0.0
G0228,1,34.56,0.0
G0228,2,34.272,0.0
G0228,3,33.696,0.0
G0228,4,32.256,0.0
G0228,5,30.816,0.0
G0228,6,27.792,0.0
G0228,7,25.056,0.0
G0228,8,22.752,0.0
G0228,9,23.76,0.0
G0228,10,26.352,0.0
G0228,11,23.328,0.0
G0228,12,26.784,0.0
G0228,13,29.664,0.0
G0228,14,33.696,0.0
G0228,15,36.288,0.0
G0228,16,37.44,0.0
G0228,17,37.872,0.0
G0228,18,38.016000000000005,0.0
G0228,19,35.568,0.0
G0228,20,32.112,0.0
G0228,21,28.368,0.0
G0228,22,25.056,0.0
G0228,23,22.176,0.0
G0228,24,22.464,0.0
G0229,1,48.96,0.0
G0229,2,48.552,0.0
G0229,3,47.736,0.0
G0229,4,45.696,0.0
G0229,5,43.656,0.0
G0229,6,39.372,0.0
G0229,7,35.496,0.0
G0229,8,32.232,0.0
G0229,9,33.66,0.0
G0229,10,37.332,0.0
G0229,11,33.048,0.0
G0229,12,37.944,0.0
G0229,13,42.024,0.0
G0229,14,47.736,0.0
G0229,15,51.408,0.0
G0229,16,53.04,0.0
G0229,17,53.652,0.0
G0229,18,53.856,0.0
G0229,19,50.388,0.0
G0229,20,45.492,0.0
G0229,21,40.188,0.0
G0229,22,35.496,0.0
G0229,23,31.416,0.0
G0229,24,31.824,0.0
G0230,1,33.456,0.0
G0230,2,33.1772,0.0
G0230,3,32.6196,0.0
G0230,4,31.225600000000004,0.0
G0230,5,29.8316,0.0
G0230,6,26.9042,0.0
G0230,7,24.255599999999998,0.0
G0230,8,22.0252,0.0
G0230,9,23.001,0.0
G0230,10,25.5102,0.0
G0230,11,22.5828,0.0
G0230,12,25.9284,0.0
G0230,13,28.7164,0.0
G0230,14,32.6196,0.0
G0230,15,35.1288,0.0
G0230,16,36.244,0.0
G0230,17,36.6622,0.0
G0230,18,36.8016,0.0
G0230,19,34.4318,0.0
G0230,20,31.0862,0.0
G0230,21,27.461799999999997,0.0
G0230,22,24.255599999999998,0.0
G0230,23,21.4676,0.0
G0230,24,21.7464,0.0
G0235,1,16.8,0.0
G0235,2,16.66,0.0
G0235,3,16.38,0.0
G0235,4,15.68,0.0
G0235,5,14.98,0.0
G0235,6,13.51,0.0
G0235,7,12.18,0.0
G0235,8,11.06,0.0
G0235,9,11.55,0.0
G0235,10,12.81,0.0
G0235,11,11.34,0.0
G0235,12,13.02,0.0
G0235,13,14.42,0.0
G0235,14,16.38,0.0
G0235,15,17.64,0.0
G0235,16,18.2,0.0
G0235,17,18.41,0.0
G0235,18,18.48,0.0
G0235,19,17.29,0.0
G0235,20,15.61,0.0
G0235,21,13.79,0.0
G0235,22,12.18,0.0
G0235,23,10.78,0.0
G0235,24,10.92,0.0
G0254,1,26.4,0.0
G0254,2,26.18,0.0
G0254,3,25.74,0.0
G0254,4,24.64,0.0
G0254,5,23.54,0.0
G0254,6,21.23,0.0
G0254,7,19.14,0.0
G0254,8,17.38,0.0
G0254,9,18.15,0.0
G0254,10,20.13,0.0
G0254,11,17.82,0.0
G0254,12,20.46,0.0
G0254,13,22.66,0.0
G0254,14,25.74,0.0
G0254,15,27.72,0.0
G0254,16,28.6,0.0
G0254,17,28.93,0.0
G0254,18,29.040000000000003,0.0
G0254,19,27.17,0.0
G0254,20,24.53,0.0
G0254,21,21.67,0.0
G0254,22,19.14,0.0
G0254,23,16.94,0.0
G0254,24,17.16,0.0
G0266,1,11.76,0.0
G0266,2,11.662,0.0
G0266,3,11.466,0.0
G0266,4,10.976,0.0
G0266,5,10.486,0.0
G0266,6,9.457,0.0
G0266,7,8.526,0.0
G0266,8,7.742,0.0
G0266,9,8.085,0.0
G0266,10,8.967,0.0
G0266,11,7.938000000000001,0.0
G0266,12,9.114,0.0
G0266,13,10.094,0.0
G0266,14,11.466,0.0
G0266,15,12.348,0.0
G0266,16,12.74,0.0
G0266,17,12.887,0.0
G0266,18,12.936,0.0
G0266,19,12.103,0.0
G0266,20,10.927,0.0
G0266,21,9.653,0.0
G0266,22,8.526,0.0
G0266,23,7.546,0.0
G0266,24,7.644,0.0
G0272,1,44.16,0.0
G0272,2,43.792,0.0
G0272,3,43.056,0.0
G0272,4,41.216,0.0
G0272,5,39.376,0.0
G0272,6,35.512,0.0
G0272,7,32.016,0.0
G0272,8,29.072,0.0
G0272,9,30.360000000000003,0.0
G0272,10,33.672,0.0
G0272,11,29.808,0.0
G0272,12,34.224,0.0
G0272,13,37.904,0.0
G0272,14,43.056,0.0
G0272,15,46.368,0.0
G0272,16,47.84,0.0
G0272,17,48.392,0.0
G0272,18,48.576,0.0
G0272,19,45.448,0.0
G0272,20,41.032,0.0
G0272,21,36.248,0.0
G0272,22,32.016,0.0
G0272,23,28.336,0.0
G0272,24,28.704,0.0
G0274,1,145.728,0.0
G0274,2,144.5136,0.0
G0274,3,142.0848,0.0
G0274,4,136.0128,0.0
G0274,5,129.9408,0.0
G0274,6,117.1896,0.0
G0274,7,105.6528,0.0
G0274,8,95.9376,0.0
G0274,9,100.188,0.0
G0274,10,111.1176,0.0
G0274,11,98.3664,0.0
G0274,12,112.93920000000001,0.0
G0274,13,125.0832,0.0
G0274,14,142.0848,0.0
G0274,15,153.01439999999997,0.0
G0274,16,157.872,0.0
G0274,17,159.69360000000003,0.0
G0274,18,160.3008,0.0
G0274,19,149.9784,0.0
G0274,20,135.4056,0.0
G0274,21,119.6184,0.0
G0274,22,105.6528,0.0
G0274,23,93.5088,0.0
G0274,24,94.7232,0.0
G0276,1,284.4,0.0
G0276,2,282.03,0.0
G0276,3,277.29,0.0
G0276,4,265.44,0.0
G0276,5,253.59,0.0
G0276,6,228.705,0.0
G0276,7,206.19,0.0
G0276,8,187.23,0.0
G0276,9,195.525,0.0
G0276,10,216.855,0.0
G0276,11,191.97,0.0
G0276,12,220.41,0.0
G0276,13,244.11,0.0
G0276,14,277.29,0.0
G0276,15,298.62,0.0
G0276,16,308.1,0.0
G0276,17,311.655,0.0
G0276,18,312.84,0.0
G0276,19,292.695,0.0
G0276,20,264.255,0.0
G0276,21,233.44499999999996,0.0
G0276,22,206.19,0.0
G0276,23,182.49,0.0
G0276,24,184.86,0.0
G0279,1,74.64,0.0
G0279,2,74.018,0.0
G0279,3,72.774,0.0
G0279,4,69.664,0.0
G0279,5,66.554,0.0
G0279,6,60.023,0.0
G0279,7,54.114,0.0
G0279,8,49.138,0.0
G0279,9,51.31499999999999,0.0
G0279,10,56.913,0.0
G0279,11,50.382000000000005,0.0
G0279,12,57.846,0.0
G0279,13,64.066,0.0
G0279,14,72.774,0.0
G0279,15,78.372,0.0
G0279,16,80.86,0.0
G0279,17,81.793,0.0
G0279,18,82.104,0.0
G0279,19,76.817,0.0
G0279,20,69.353,0.0
G0279,21,61.267,0.0
G0279,22,54.114,0.0
G0279,23,47.894,0.0
G0279,24,48.516,0.0
G0283,1,12.0,0.0
G0283,2,11.9,0.0
G0283,3,11.7,0.0
G0283,4,11.2,0.0
G0283,5,10.7,0.0
G0283,6,9.65,0.0
G0283,7,8.7,0.0
G0283,8,7.9,0.0
G0283,9,8.25,0.0
G0283,10,9.15,0.0
G0283,11,8.1,0.0
G0283,12,9.3,0.0
G0283,13,10.3,0.0
G0283,14,11.7,0.0
G0283,15,12.6,0.0
G0283,16,13.0,0.0
G0283,17,13.15,0.0
G0283,18,13.200000000000001,0.0
G0283,19,12.35,0.0
G0283,20,11.15,0.0
G0283,21,9.85,0.0
G0283,22,8.7,0.0
G0283,23,7.7,0.0
G0283,24,7.8,0.0
G0288,1,23.28,0.0
G0288,2,23.086,0.0
G0288,3,22.698,0.0
G0288,4,21.728,0.0
G0288,5,20.758,0.0
G0288,6,18.721,0.0
G0288,7,16.878,0.0
G0288,8,15.326,0.0
G0288,9,16.005,0.0
G0288,10,17.751,0.0
G0288,11,15.714,0.0
G0288,12,18.042,0.0
G0288,13,19.982,0.0
G0288,14,22.698,0.0
G0288,15,24.444,0.0
G0288,16,25.220000000000002,0.0
G0288,17,25.511000000000003,0.0
G0288,18,25.608,0.0
G0288,19,23.959,0.0
G0288,20,21.631,0.0
G0288,21,19.109,0.0
G0288,22,16.878,0.0
G0288,23,14.938,0.0
G0288,24,15.132,0.0
G0290,1,6.48,0.0
G0290,2,6.426,0.0
G0290,3,6.318,0.0
G0290,4,6.048,0.0
G0290,5,5.778,0.0
G0290,6,5.211,0.0
G0290,7,4.698,0.0
G0290,8,4.266,0.0
G0290,9,4.455,0.0
G0290,10,4.941,0.0
G0290,11,4.374,0.0
G0290,12,5.022,0.0
G0290,13,5.562,0.0
G0290,14,6.318,0.0
G0290,15,6.804,0.0
G0290,16,7.0200000000000005,0.0
G0290,17,7.101,0.0
G0290,18,7.128,0.0
G0290,19,6.669,0.0
G0290,20,6.021,0.0
G0290,21,5.319,0.0
G0290,22,4.698,0.0
G0290,23,4.158,0.0
G0290,24,4.212,0.0
G0294,1,30.12,0.0
G0294,2,29.869,0.0
G0294,3,29.367,0.0
G0294,4,28.112,0.0
G0294,5,26.857,0.0
G0294,6,24.2215,0.0
G0294,7,21.837,0.0
G0294,8,19.829,0.0
G0294,9,20.7075,0.0
G0294,10,22.9665,0.0
G0294,11,20.331,0.0
G0294,12,23.343,0.0
G0294,13,25.853,0.0
G0294,14,29.367,0.0
G0294,15,31.626,0.0
G0294,16,32.63,0.0
G0294,17,33.0065,0.0
G0294,18,33.132,0.0
G0294,19,30.9985,0.0
G0294,20,27.9865,0.0
G0294,21,24.7235,0.0
G0294,22,21.837,0.0
G0294,23,19.327,0.0
G0294,24,19.578,0.0
G0295,1,12.48,0.0
G0295,2,12.376,0.0
G0295,3,12.168,0.0
G0295,4,11.648,0.0
G0295,5,11.128,0.0
G0295,6,10.036,0.0
G0295,7,9.048,0.0
G0295,8,8.216,0.0
G0295,9,8.58,0.0
G0295,10,9.516,0.0
G0295,11,8.424,0.0
G0295,12,9.672,0.0
G0295,13,10.712,0.0
G0295,14,12.168,0.0
G0295,15,13.104,0.0
G0295,16,13.52,0.0
G0295,17,13.676,0.0
G0295,18,13.728000000000002,0.0
G0295,19,12.844,0.0
G0295,20,11.596,0.0
G0295,21,10.244,0.0
G0295,22,9.048,0.0
G0295,23,8.008,0.0
G0295,24,8.112,0.0
G0300,1,18.72,0.0
G0300,2,18.564,0.0
G0300,3,18.252,0.0
G0300,4,17.472,0.0
G0300,5,16.692,0.0
G0300,6,15.054,0.0
G0300,7,13.572,0.0
G0300,8,12.324,0.0
G0300,9,12.87,0.0
G0300,10,14.274,0.0
G0300,11,12.635999999999997,0.0
G0300,12,14.508,0.0
G0300,13,16.068,0.0
G0300,14,18.252,0.0
G0300,15,19.656,0.0
G0300,16,20.28,0.0
G0300,17,20.514,0.0
G0300,18,20.591999999999995,0.0
G0300,19,19.266,0.0
G0300,20,17.394,0.0
G0300,21,15.366000000000001,0.0
G0300,22,13.572,0.0
G0300,23,12.012,0.0
G0300,24,12.168,0.0
G0304,1,23.04,0.0
G0304,2,22.848,0.0
G0304,3,22.464,0.0
G0304,4,21.504,0.0
G0304,5,20.544,0.0
G0304,6,18.528,0.0
G0304,7,16.704,0.0
G0304,8,15.168,0.0
G0304,9,15.84,0.0
G0304,10,17.568,0.0
G0304,11,15.552,0.0
G0304,12,17.856,0.0
G0304,13,19.776,0.0
G0304,14,22.464,0.0
G0304,15,24.192,0.0
G0304,16,24.96,0.0
G0304,17,25.248,0.0
G0304,18,25.344,0.0
G0304,19,23.712,0.0
G0304,20,21.408,0.0
G0304,21,18.912,0.0
G0304,22,16.704,0.0
G0304,23,14.783999999999999,0.0
G0304,24,14.975999999999999,0.0
G0306,1,6.72,0.0
G0306,2,6.664,0.0
G0306,3,6.552,0.0
G0306,4,6.272,0.0
G0306,5,5.992,0.0
G0306,6,5.404,0.0
G0306,7,4.872,0.0
G0306,8,4.424,0.0
G0306,9,4.62,0.0
G0306,10,5.124,0.0
G0306,11,4.536,0.0
G0306,12,5.208,0.0
G0306,13,5.768,0.0
G0306,14,6.552,0.0
G0306,15,7.056,0.0
G0306,16,7.28,0.0
G0306,17,7.364000000000001,0.0
G0306,18,7.392,0.0
G0306,19,6.916,0.0
G0306,20,6.244,0.0
G0306,21,5.516,0.0
G0306,22,4.872,0.0
G0306,23,4.312,0.0
G0306,24,4.368,0.0
G0328,1,14.4,0.0
G0328,2,14.28,0.0
G0328,3,14.04,0.0
G0328,4,13.44,0.0
G0328,5,12.84,0.0
G0328,6,11.58,0.0
G0328,7,10.44,0.0
G0328,8,9.48,0.0
G0328,9,9.9,0.0
G0328,10,10.98,0.0
G0328,11,9.72,0.0
G0328,12,11.16,0.0
G0328,13,12.36,0.0
G0328,14,14.04,0.0
G0328,15,15.120000000000001,0.0
G0328,16,15.600000000000001,0.0
G0328,17,15.780000000000001,0.0
G0328,18,15.84,0.0
G0328,19,14.82,0.0
G0328,20,13.38,0.0
G0328,21,11.82,0.0
G0328,22,10.44,0.0
G0328,23,9.24,0.0
G0328,24,9.36,0.0
G0331,1,23.04,0.0
G0331,2,22.848,0.0
G0331,3,22.464,0.0
G0331,4,21.504,0.0
G0331,5,20.544,0.0
G0331,6,18.528,0.0
G0331,7,16.704,0.0
G0331,8,15.168,0.0
G0331,9,15.84,0.0
G0331,10,17.568,0.0
G0331,11,15.552,0.0
G0331,12,17.856,0.0
G0331,13,19.776,0.0
G0331,14,22.464,0.0
G0331,15,24.192,0.0
G0331,16,24.96,0.0
G0331,17,25.248,0.0
G0331,18,25.344,0.0
G0331,19,23.712,0.0
G0331,20,21.408,0.0
G0331,21,18.912,0.0
G0331,22,16.704,0.0
G0331,23,14.783999999999999,0.0
G0331,24,14.975999999999999,0.0
G0333,1,25.44,0.0
G0333,2,25.228,0.0
G0333,3,24.804,0.0
G0333,4,23.744,0.0
G0333,5,22.684,0.0
G0333,6,20.458,0.0
G0333,7,18.444,0.0
G0333,8,16.748,0.0
G0333,9,17.49,0.0
G0333,10,19.398,0.0
G0333,11,17.172,0.0
G0333,12,19.716,0.0
G0333,13,21.836,0.0
G0333,14,24.804,0.0
G0333,15,26.712,0.0
G0333,16,27.560000000000002,0.0
G0333,17,27.878,0.0
G0333,18,27.984,0.0
G0333,19,26.182,0.0
G0333,20,23.638,0.0
G0333,21,20.882,0.0
G0333,22,18.444,0.0
G0333,23,16.324,0.0
G0333,24,16.536,0.0
G0336,1,4.32,0.0
G0336,2,4.284,0.0
G0336,3,4.212,0.0
G0336,4,4.032,0.0
G0336,5,3.852,0.0
G0336,6,3.474,0.0
G0336,7,3.132,0.0
G0336,8,2.844,0.0
G0336,9,2.97,0.0
G0336,10,3.294,0.0
G0336,11,2.916,0.0
G0336,12,3.348,0.0
G0336,13,3.708,0.0
G0336,14,4.212,0.0
G0336,15,4.536,0.0
G0336,16,4.68,0.0
G0336,17,4.734,0.0
G0336,18,4.752000000000001,0.0
G0336,19,4.446,0.0
G0336,20,4.014,0.0
G0336,21,3.546,0.0
G0336,22,3.132,0.0
G0336,23,2.772,0.0
G0336,24,2.808,0.0
G0339,1,3.84,0.0
G0339,2,3.808,0.0
G0339,3,3.744,0.0
G0339,4,3.584,0.0
G0339,5,3.424,0.0
G0339,6,3.088,0.0
G0339,7,2.784,0.0
G0339,8,2.528,0.0
G0339,9,2.64,0.0
G0339,10,2.928,0.0
G0339,11,2.592,0.0
G0339,12,2.976,0.0
G0339,13,3.296,0.0
G0339,14,3.744,0.0
G0339,15,4.032,0.0
G0339,16,4.16,0.0
G0339,17,4.208,0.0
G0339,18,4.224,0.0
G0339,19,3.952,0.0
G0339,20,3.568,0.0
G0339,21,3.152,0.0
G0339,22,2.784,0.0
G0339,23,2.464,0.0
G0339,24,2.496,0.0
G0348,1,17.52,0.0
G0348,2,17.374,0.0
G0348,3,17.082,0.0
G0348,4,16.352,0.0
G0348,5,15.622,0.0
G0348,6,14.089,0.0
G0348,7,12.702,0.0
G0348,8,11.534,0.0
G0348,9,12.045,0.0
G0348,10,13.359,0.0
G0348,11,11.826,0.0
G0348,12,13.578,0.0
G0348,13,15.038000000000002,0.0
G0348,14,17.082,0.0
G0348,15,18.396,0.0
G0348,16,18.98,0.0
G0348,17,19.199,0.0
G0348,18,19.272,0.0
G0348,19,18.031,0.0
G0348,20,16.279,0.0
G0348,21,14.381,0.0
G0348,22,12.702,0.0
G0348,23,11.242000000000003,0.0
G0348,24,11.388,0.0
G0353,1,9.84,0.0
G0353,2,9.758,0.0
G0353,3,9.594,0.0
G0353,4,9.184,0.0
G0353,5,8.774,0.0
G0353,6,7.913,0.0
G0353,7,7.134,0.0
G0353,8,6.478,0.0
G0353,9,6.764999999999999,0.0
G0353,10,7.503,0.0
G0353,11,6.642,0.0
G0353,12,7.626,0.0
G0353,13,8.446,0.0
G0353,14,9.594,0.0
G0353,15,10.332,0.0
G0353,16,10.66,0.0
G0353,17,10.783000000000001,0.0
G0353,18,10.824,0.0
G0353,19,10.127,0.0
G0353,20,9.143,0.0
G0353,21,8.077,0.0
G0353,22,7.134,0.0
G0353,23,6.314,0.0
G0353,24,6.396,0.0
G0354,1,24.0,0.0
G0354,2,23.8,0.0
G0354,3,23.4,0.0
G0354,4,22.4,0.0
G0354,5,21.4,0.0
G0354,6,19.3,0.0
G0354,7,17.4,0.0
G0354,8,15.8,0.0
G0354,9,16.5,0.0
G0354,10,18.3,0.0
G0354,11,16.2,0.0
G0354,12,18.6,0.0
G0354,13,20.6,0.0
G0354,14,23.4,0.0
G0354,15,25.2,0.0
G0354,16,26.0,0.0
G0354,17,26.3,0.0
G0354,18,26.400000000000002,0.0
G0354,19,24.7,0.0
G0354,20,22.3,0.0
G0354,21,19.7,0.0
G0354,22,17.4,0.0
G0354,23,15.4,0.0
G0354,24,15.6,0.0
G0356,1,43.2,0.0
G0356,2,42.84,0.0
G0356,3,42.12,0.0
G0356,4,40.32,0.0
G0356,5,38.52,0.0
G0356,6,34.74,0.0
G0356,7,31.319999999999997,0.0
G0356,8,28.44,0.0
G0356,9,29.700000000000003,0.0
G0356,10,32.94,0.0
G0356,11,29.16,0.0
G0356,12,33.48,0.0
G0356,13,37.08,0.0
G0356,14,42.12,0.0
G0356,15,45.36,0.0
G0356,16,46.800000000000004,0.0
G0356,17,47.34,0.0
G0356,18,47.52,0.0
G0356,19,44.46,0.0
G0356,20,40.14,0.0
G0356,21,35.46,0.0
G0356,22,31.319999999999997,0.0
G0356,23,27.72,0.0
G0356,24,28.08,0.0
G0358,1,20.16,0.0
G0358,2,19.992,0.0
G0358,3,19.656,0.0
G0358,4,18.816,0.0
G0358,5,17.976,0.0
G0358,6,16.212,0.0
G0358,7,14.616,0.0
G0358,8,13.272,0.0
G0358,9,13.859999999999998,0.0
G0358,10,15.372,0.0
G0358,11,13.608,0.0
G0358,12,15.624,0.0
G0358,13,17.304,0.0
G0358,14,19.656,0.0
G0358,15,21.168,0.0
G0358,16,21.84,0.0
G0358,17,22.092000000000002,0.0
G0358,18,22.175999999999995,0.0
G0358,19,20.748,0.0
G0358,20,18.732,0.0
G0358,21,16.548,0.0
G0358,22,14.616,0.0
G0358,23,12.936,0.0
G0358,24,13.104,0.0
G0360,1,25.68,0.0
G0360,2,25.466,0.0
G0360,3,25.038,0.0
G0360,4,23.968,0.0
G0360,5,22.898,0.0
G0360,6,20.651,0.0
G0360,7,18.618,0.0
G0360,8,16.906,0.0
G0360,9,17.655,0.0
G0360,10,19.581,0.0
G0360,11,17.334,0.0
G0360,12,19.902,0.0
G0360,13,22.042,0.0
G0360,14,25.038,0.0
G0360,15,26.964,0.0
G0360,16,27.82,0.0
G0360,17,28.140999999999995,0.0
G0360,18,28.248,0.0
G0360,19,26.429,0.0
G0360,20,23.861,0.0
G0360,21,21.079,0.0
G0360,22,18.618,0.0
G0360,23,16.478,0.0
G0360,24,16.692,0.0
G0361,1,3.12,0.0
G0361,2,3.094,0.0
G0361,3,3.042,0.0
G0361,4,2.912,0.0
G0361,5,2.782,0.0
G0361,6,2.509,0.0
G0361,7,2.262,0.0
G0361,8,2.054,0.0
G0361,9,2.145,0.0
G0361,10,2.379,0.0
G0361,11,2.106,0.0
G0361,12,2.418,0.0
G0361,13,2.678,0.0
G0361,14,3.042,0.0
G0361,15,3.276,0.0
G0361,16,3.38,0.0
G0361,17,3.419,0.0
G0361,18,3.4320000000000004,0.0
G0361,19,3.211,0.0
G0361,20,2.899,0.0
G0361,21,2.561,0.0
G0361,22,2.262,0.0
G0361,23,2.002,0.0
G0361,24,2.028,0.0
G0362,1,29.76,0.0
G0362,2,29.512,0.0
G0362,3,29.016,0.0
G0362,4,27.776,0.0
G0362,5,26.536,0.0
G0362,6,23.932,0.0
G0362,7,21.576,0.0
G0362,8,19.592,0.0
G0362,9,20.46,0.0
G0362,10,22.692,0.0
G0362,11,20.088,0.0
G0362,12,23.064,0.0
G0362,13,25.544,0.0
G0362,14,29.016,0.0
G0362,15,31.248,0.0
G0362,16,32.24,0.0
G0362,17,32.612,0.0
G0362,18,32.736,0.0
G0362,19,30.628,0.0
G0362,20,27.652,0.0
G0362,21,24.428,0.0
G0362,22,21.576,0.0
G0362,23,19.096,0.0
G0362,24,19.344,0.0
G0364,1,3.84,0.0
G0364,2,3.808,0.0
G0364,3,3.744,0.0
G0364,4,3.584,0.0
G0364,5,3.424,0.0
G0364,6,3.088,0.0
G0364,7,2.784,0.0
G0364,8,2.528,0.0
G0364,9,2.64,0.0
G0364,10,2.928,0.0
G0364,11,2.592,0.0
G0364,12,2.976,0.0
G0364,13,3.296,0.0
G0364,14,3.744,0.0
G0364,15,4.032,0.0
G0364,16,4.16,0.0
G0364,17,4.208,0.0
G0364,18,4.224,0.0
G0364,19,3.952,0.0
G0364,20,3.568,0.0
G0364,21,3.152,0.0
G0364,22,2.784,0.0
G0364,23,2.464,0.0
G0364,24,2.496,0.0
G0368,1,5.52,0.0
G0368,2,5.474,0.0
G0368,3,5.382,0.0
G0368,4,5.152,0.0
G0368,5,4.922,0.0
G0368,6,4.439,0.0
G0368,7,4.002,0.0
G0368,8,3.634,0.0
G0368,9,3.7950000000000004,0.0
G0368,10,4.209,0.0
G0368,11,3.726,0.0
G0368,12,4.278,0.0
G0368,13,4.738,0.0
G0368,14,5.382,0.0
G0368,15,5.796,0.0
G0368,16,5.98,0.0
G0368,17,6.049,0.0
G0368,18,6.072,0.0
G0368,19,5.681,0.0
G0368,20,5.129,0.0
G0368,21,4.531,0.0
G0368,22,4.002,0.0
G0368,23,3.542,0.0
G0368,24,3.588,0.0
G0371,1,48.72,0.0
G0371,2,48.314,0.0
G0371,3,47.502,0.0
G0371,4,45.472,0.0
G0371,5,43.442,0.0
G0371,6,39.179,0.0
G0371,7,35.322,0.0
G0371,8,32.074,0.0
G0371,9,33.495,0.0
G0371,10,37.149,0.0
G0371,11,32.886,0.0
G0371,12,37.758,0.0
G0371,13,41.818,0.0
G0371,14,47.502,0.0
G0371,15,51.156,0.0
G0371,16,52.78,0.0
G0371,17,53.389,0.0
G0371,18,53.592000000000006,0.0
G0371,19,50.141,0.0
G0371,20,45.269,0.0
G0371,21,39.991,0.0
G0371,22,35.322,0.0
G0371,23,31.262,0.0
G0371,24,31.668,0.0
G0383,1,26.16,0.0
G0383,2,25.942,0.0
G0383,3,25.506,0.0
G0383,4,24.416,0.0
G0383,5,23.326,0.0
G0383,6,21.037,0.0
G0383,7,18.966,0.0
G0383,8,17.222,0.0
G0383,9,17.985,0.0
G0383,10,19.947,0.0
G0383,11,17.658,0.0
G0383,12,20.274,0.0
G0383,13,22.454,0.0
G0383,14,25.506,0.0
G0383,15,27.468,0.0
G0383,16,28.34,0.0
G0383,17,28.667,0.0
G0383,18,28.776,0.0
G0383,19,26.923,0.0
G0383,20,24.307,0.0
G0383,21,21.473,0.0
G0383,22,18.966,0.0
G0383,23,16.786,0.0
G0383,24,17.004,0.0
G0391,1,3.12,0.0
G0391,2,3.094,0.0
G0391,3,3.042,0.0
G0391,4,2.912,0.0
G0391,5,2.782,0.0
G0391,6,2.509,0.0
G0391,7,2.262,0.0
G0391,8,2.054,0.0
G0391,9,2.145,0.0
G0391,10,2.379,0.0
G0391,11,2.106,0.0
G0391,12,2.418,0.0
G0391,13,2.678,0.0
G0391,14,3.042,0.0
G0391,15,3.276,0.0
G0391,16,3.38,0.0
G0391,17,3.419,0.0
G0391,18,3.4320000000000004,0.0
G0391,19,3.211,0.0
G0391,20,2.899,0.0
G0391,21,2.561,0.0
G0391,22,2.262,0.0
G0391,23,2.002,0.0
G0391,24,2.028,0.0
G0393,1,22.8,0.0
G0393,2,22.61,0.0
G0393,3,22.23,0.0
G0393,4,21.28,0.0
G0393,5,20.33,0.0
G0393,6,18.335,0.0
G0393,7,16.53,0.0
G0393,8,15.01,0.0
G0393,9,15.675,0.0
G0393,10,17.385,0.0
G0393,11,15.39,0.0
G0393,12,17.67,0.0
G0393,13,19.57,0.0
G0393,14,22.23,0.0
G0393,15,23.94,0.0
G0393,16,24.7,0.0
G0393,17,24.985,0.0
G0393,18,25.079999999999995,0.0
G0393,19,23.465,0.0
G0393,20,21.185,0.0
G0393,21,18.715,0.0
G0393,22,16.53,0.0
G0393,23,14.629999999999999,0.0
G0393,24,14.82,0.0
G0396,1,15.6,0.0
G0396,2,15.47,0.0
G0396,3,15.21,0.0
G0396,4,14.56,0.0
G0396,5,13.91,0.0
G0396,6,12.545,0.0
G0396,7,11.31,0.0
G0396,8,10.27,0.0
G0396,9,10.725,0.0
G0396,10,11.895,0.0
G0396,11,10.53,0.0
G0396,12,12.09,0.0
G0396,13,13.39,0.0
G0396,14,15.21,0.0
G0396,15,16.38,0.0
G0396,16,16.9,0.0
G0396,17,17.095,0.0
G0396,18,17.16,0.0
G0396,19,16.055,0.0
G0396,20,14.495,0.0
G0396,21,12.805,0.0
G0396,22,11.31,0.0
G0396,23,10.01,0.0
G0396,24,10.14,0.0
G0397,1,13.92,0.0
G0397,2,13.804,0.0
G0397,3,13.572,0.0
G0397,4,12.992,0.0
G0397,5,12.412,0.0
G0397,6,11.194,0.0
G0397,7,10.092,0.0
G0397,8,9.164,0.0
G0397,9,9.57,0.0
G0397,10,10.614,0.0
G0397,11,9.396,0.0
G0397,12,10.788,0.0
G0397,13,11.948,0.0
G0397,14,13.572,0.0
G0397,15,14.616,0.0
G0397,16,15.08,0.0
G0397,17,15.254000000000001,0.0
G0397,18,15.312000000000001,0.0
G0397,19,14.326,0.0
G0397,20,12.934,0.0
G0397,21,11.426,0.0
G0397,22,10.092,0.0
G0397,23,8.932,0.0
G0397,24,9.048,0.0
G0401,1,3.36,0.0
G0401,2,3.332,0.0
G0401,3,3.276,0.0
G0401,4,3.136,0.0
G0401,5,2.996,0.0
G0401,6,2.702,0.0
G0401,7,2.436,0.0
G0401,8,2.212,0.0
G0401,9,2.31,0.0
G0401,10,2.562,0.0
G0401,11,2.268,0.0
G0401,12,2.604,0.0
G0401,13,2.884,0.0
G0401,14,3.276,0.0
G0401,15,3.528,0.0
G0401,16,3.64,0.0
G0401,17,3.6820000000000004,0.0
G0401,18,3.696,0.0
G0401,19,3.458,0.0
G0401,20,3.122,0.0
G0401,21,2.758,0.0
G0401,22,2.436,0.0
G0401,23,2.156,0.0
G0401,24,2.184,0.0
G0404,1,21.84,0.0
G0404,2,21.658,0.0
G0404,3,21.294,0.0
G0404,4,20.384,0.0
G0404,5,19.474,0.0
G0404,6,17.563,0.0
G0404,7,15.834,0.0
G0404,8,14.378,0.0
G0404,9,15.015,0.0
G0404,10,16.653,0.0
G0404,11,14.742,0.0
G0404,12,16.926,0.0
G0404,13,18.746,0.0
G0404,14,21.294,0.0
G0404,15,22.932,0.0
G0404,16,23.66,0.0
G0404,17,23.933,0.0
G0404,18,24.024,0.0
G0404,19,22.477,0.0
G0404,20,20.293,0.0
G0404,21,17.927,0.0
G0404,22,15.834,0.0
G0404,23,14.014,0.0
G0404,24,14.196,0.0
G0411,1,22.08,0.0
G0411,2,21.896,0.0
G0411,3,21.528,0.0
G0411,4,20.608,0.0
G0411,5,19.688,0.0
G0411,6,17.756,0.0
G0411,7,16.008,0.0
G0411,8,14.536,0.0
G0411,9,15.180000000000001,0.0
G0411,10,16.836,0.0
G0411,11,14.904,0.0
G0411,12,17.112,0.0
G0411,13,18.952,0.0
G0411,14,21.528,0.0
G0411,15,23.184,0.0
G0411,16,23.92,0.0
G0411,17,24.196,0.0
G0411,18,24.288,0.0
G0411,19,22.724,0.0
G0411,20,20.516,0.0
G0411,21,18.124,0.0
G0411,22,16.008,0.0
G0411,23,14.168,0.0
G0411,24,14.352,0.0
G0415,1,37.92,0.0
G0415,2,37.604,0.0
G0415,3,36.972,0.0
G0415,4,35.392,0.0
G0415,5,33.812,0.0
G0415,6,30.494,0.0
G0415,7,27.492,0.0
G0415,8,24.964,0.0
G0415,9,26.07,0.0
G0415,10,28.913999999999998,0.0
G0415,11,25.596,0.0
G0415,12,29.387999999999998,0.0
G0415,13,32.548,0.0
G0415,14,36.972,0.0
G0415,15,39.816,0.0
G0415,16,41.08,0.0
G0415,17,41.554,0.0
G0415,18,41.712,0.0
G0415,19,39.026,0.0
G0415,20,35.234,0.0
G0415,21,31.126,0.0
G0415,22,27.492,0.0
G0415,23,24.332,0.0
G0415,24,24.648,0.0
G0416,1,4.32,0.0
G0416,2,4.284,0.0
G0416,3,4.212,0.0
G0416,4,4.032,0.0
G0416,5,3.852,0.0
G0416,6,3.474,0.0
G0416,7,3.132,0.0
G0416,8,2.844,0.0
G0416,9,2.97,0.0
G0416,10,3.294,0.0
G0416,11,2.916,0.0
G0416,12,3.348,0.0
G0416,13,3.708,0.0
G0416,14,4.212,0.0
G0416,15,4.536,0.0
G0416,16,4.68,0.0
G0416,17,4.734,0.0
G0416,18,4.752000000000001,0.0
G0416,19,4.446,0.0
G0416,20,4.014,0.0
G0416,21,3.546,0.0
G0416,22,3.132,0.0
G0416,23,2.772,0.0
G0416,24,2.808,0.0
G0421,1,10.08,0.0
G0421,2,9.996,0.0
G0421,3,9.828,0.0
G0421,4,9.408,0.0
G0421,5,8.988,0.0
G0421,6,8.106,0.0
G0421,7,7.308,0.0
G0421,8,6.636,0.0
G0421,9,6.929999999999999,0.0
G0421,10,7.686,0.0
G0421,11,6.804,0.0
G0421,12,7.812,0.0
G0421,13,8.652,0.0
G0421,14,9.828,0.0
G0421,15,10.584,0.0
G0421,16,10.92,0.0
G0421,17,11.046000000000001,0.0
G0421,18,11.087999999999997,0.0
G0421,19,10.374,0.0
G0421,20,9.366,0.0
G0421,21,8.274,0.0
G0421,22,7.308,0.0
G0421,23,6.468,0.0
G0421,24,6.552,0.0
G0422,1,32.88,0.0
G0422,2,32.606,0.0
G0422,3,32.058,0.0
G0422,4,30.688000000000002,0.0
G0422,5,29.318000000000005,0.0
G0422,6,26.441,0.0
G0422,7,23.838,0.0
G0422,8,21.646,0.0
G0422,9,22.605,0.0
G0422,10,25.071,0.0
G0422,11,22.194,0.0
G0422,12,25.482,0.0
G0422,13,28.222,0.0
G0422,14,32.058,0.0
G0422,15,34.524,0.0
G0422,16,35.620000000000005,0.0
G0422,17,36.031,0.0
G0422,18,36.168,0.0
G0422,19,33.839,0.0
G0422,20,30.551,0.0
G0422,21,26.989,0.0
G0422,22,23.838,0.0
G0422,23,21.098,0.0
G0422,24,21.372,0.0
G0425,1,84.24,0.0
G0425,2,83.538,0.0
G0425,3,82.134,0.0
G0425,4,78.624,0.0
G0425,5,75.114,0.0
G0425,6,67.743,0.0
G0425,7,61.074,0.0
G0425,8,55.458,0.0
G0425,9,57.915000000000006,0.0
G0425,10,64.233,0.0
G0425,11,56.862,0.0
G0425,12,65.286,0.0
G0425,13,72.306,0.0
G0425,14,82.134,0.0
G0425,15,88.452,0.0
G0425,16,91.26,0.0
G0425,17,92.313,0.0
G0425,18,92.664,0.0
G0425,19,86.697,0.0
G0425,20,78.273,0.0
G0425,21,69.147,0.0
G0425,22,61.074,0.0
G0425,23,54.054,0.0
G0425,24,54.756,0.0
G0429,1,7.2,0.0
G0429,2,7.14,0.0
G0429,3,7.02,0.0
G0429,4,6.72,0.0
G0429,5,6.42,0.0
G0429,6,5.79,0.0
G0429,7,5.22,0.0
G0429,8,4.74,0.0
G0429,9,4.95,0.0
G0429,10,5.49,0.0
G0429,11,4.86,0.0
G0429,12,5.58,0.0
G0429,13,6.18,0.0
G0429,14,7.02,0.0
G0429,15,7.5600000000000005,0.0
G0429,16,7.800000000000001,0.0
G0429,17,7.890000000000001,0.0
G0429,18,7.92,0.0
G0429,19,7.41,0.0
G0429,20,6.69,0.0
G0429,21,5.91,0.0
G0429,22,5.22,0.0
G0429,23,4.62,0.0
G0429,24,4.68,0.0
G0434,1,9.36,0.0
G0434,2,9.282,0.0
G0434,3,9.126,0.0
G0434,4,8.736,0.0
G0434,5,8.346,0.0
G0434,6,7.527,0.0
G0434,7,6.786,0.0
G0434,8,6.162,0.0
G0434,9,6.435,0.0
G0434,10,7.137,0.0
G0434,11,6.317999999999999,0.0
G0434,12,7.254,0.0
G0434,13,8.034,0.0
G0434,14,9.126,0.0
G0434,15,9.828,0.0
G0434,16,10.14,0.0
G0434,17,10.257,0.0
G0434,18,10.295999999999998,0.0
G0434,19,9.633,0.0
G0434,20,8.697,0.0
G0434,21,7.683000000000001,0.0
G0434,22,6.786,0.0
G0434,23,6.006,0.0
G0434,24,6.084,0.0
G0435,1,170.4,0.0
G0435,2,168.98,0.0
G0435,3,166.14,0.0
G0435,4,159.04,0.0
G0435,5,151.94,0.0
G0435,6,137.03,0.0
G0435,7,123.54,0.0
G0435,8,112.18,0.0
G0435,9,117.15,0.0
G0435,10,129.93,0.0
G0435,11,115.02000000000001,0.0
G0435,12,132.06,0.0
G0435,13,146.26,0.0
G0435,14,166.14,0.0
G0435,15,178.92,0.0
G0435,16,184.6,0.0
G0435,17,186.73000000000002,0.0
G0435,18,187.44,0.0
G0435,19,175.37,0.0
G0435,20,158.33,0.0
G0435,21,139.87,0.0
G0435,22,123.54,0.0
G0435,23,109.34,0.0
G0435,24,110.76,0.0
G0436,1,81.84,0.0
G0436,2,81.158,0.0
G0436,3,79.794,0.0
G0436,4,76.384,0.0
G0436,5,72.974,0.0
G0436,6,65.813,0.0
G0436,7,59.334,0.0
G0436,8,53.878,0.0
G0436,9,56.265,0.0
G0436,10,62.403,0.0
G0436,11,55.242000000000004,0.0
G0436,12,63.426,0.0
G0436,13,70.246,0.0
G0436,14,79.794,0.0
G0436,15,85.932,0.0
G0436,16,88.66,0.0
G0436,17,89.683,0.0
G0436,18,90.024,0.0
G0436,19,84.227,0.0
G0436,20,76.043,0.0
G0436,21,67.177,0.0
G0436,22,59.334,0.0
G0436,23,52.513999999999996,0.0
G0436,24,53.196,0.0
G0438,1,64.8,0.0
G0438,2,64.26,0.0
G0438,3,63.17999999999999,0.0
G0438,4,60.48,0.0
G0438,5,57.78,0.0
G0438,6,52.11,0.0
G0438,7,46.98,0.0
G0438,8,42.65999999999999,0.0
G0438,9,44.55,0.0
G0438,10,49.41,0.0
G0438,11,43.74,0.0
G0438,12,50.22,0.0
G0438,13,55.62,0.0
G0438,14,63.17999999999999,0.0
G0438,15,68.04,0.0
G0438,16,70.2,0.0
G0438,17,71.01,0.0
G0438,18,71.28,0.0
G0438,19,66.69,0.0
G0438,20,60.21,0.0
G0438,21,53.19,0.0
G0438,22,46.98,0.0
G0438,23,41.58,0.0
G0438,24,42.12,0.0
G0439,1,43.92,0.0
G0439,2,43.554,0.0
G0439,3,42.822,0.0
G0439,4,40.992,0.0
G0439,5,39.162,0.0
G0439,6,35.319,0.0
G0439,7,31.842,0.0
G0439,8,28.914,0.0
G0439,9,30.195,0.0
G0439,10,33.489,0.0
G0439,11,29.646,0.0
G0439,12,34.038,0.0
G0439,13,37.698,0.0
G0439,14,42.822,0.0
G0439,15,46.116,0.0
G0439,16,47.58,0.0
G0439,17,48.129000000000005,0.0
G0439,18,48.312000000000005,0.0
G0439,19,45.201,0.0
G0439,20,40.809,0.0
G0439,21,36.051,0.0
G0439,22,31.842,0.0
G0439,23,28.182,0.0
G0439,24,28.548,0.0
G0440,1,36.24,0.0
G0440,2,35.938,0.0
G0440,3,35.334,0.0
G0440,4,33.824,0.0
G0440,5,32.314,0.0
G0440,6,29.143,0.0
G0440,7,26.274,0.0
G0440,8,23.858,0.0
G0440,9,24.915000000000003,0.0
G0440,10,27.633,0.0
G0440,11,24.462,0.0
G0440,12,28.086,0.0
G0440,13,31.106,0.0
G0440,14,35.334,0.0
G0440,15,38.052,0.0
G0440,16,39.26,0.0
G0440,17,39.713,0.0
G0440,18,39.86399999999999,0.0
G0440,19,37.297,0.0
G0440,20,33.673,0.0
G0440,21,29.747,0.0
G0440,22,26.274,0.0
G0440,23,23.254,0.0
G0440,24,23.556,0.0
G0442,1,71.28,0.0
G0442,2,70.686,0.0
G0442,3,69.498,0.0
G0442,4,66.528,0.0
G0442,5,63.558,0.0
G0442,6,57.321,0.0
G0442,7,51.678,0.0
G0442,8,46.926,0.0
G0442,9,49.005,0.0
G0442,10,54.351,0.0
G0442,11,48.11399999999999,0.0
G0442,12,55.242,0.0
G0442,13,61.182,0.0
G0442,14,69.498,0.0
G0442,15,74.844,0.0
G0442,16,77.22,0.0
G0442,17,78.111,0.0
G0442,18,78.408,0.0
G0442,19,73.359,0.0
G0442,20,66.231,0.0
G0442,21,58.509,0.0
G0442,22,51.678,0.0
G0442,23,45.738,0.0
G0442,24,46.332,0.0
G0449,1,67.68,0.0
G0449,2,67.116,0.0
G0449,3,65.988,0.0
G0449,4,63.168,0.0
G0449,5,60.348,0.0
G0449,6,54.426,0.0
G0449,7,49.068,0.0
G0449,8,44.556,0.0
G0449,9,46.53,0.0
G0449,10,51.606,0.0
G0449,11,45.68399999999999,0.0
G0449,12,52.452,0.0
G0449,13,58.092,0.0
G0449,14,65.988,0.0
G0449,15,71.06400000000001,0.0
G0449,16,73.32,0.0
G0449,17,74.166,0.0
G0449,18,74.448,0.0
G0449,19,69.654,0.0
G0449,20,62.886,0.0
G0449,21,55.554,0.0
G0449,22,49.068,0.0
G0449,23,43.428,0.0
G0449,24,43.992,0.0
G0451,1,16.8,0.0
G0451,2,16.66,0.0
G0451,3,16.38,0.0
G0451,4,15.68,0.0
G0451,5,14.98,0.0
G0451,6,13.51,0.0
G0451,7,12.18,0.0
G0451,8,11.06,0.0
G0451,9,11.55,0.0
G0451,10,12.81,0.0
G0451,11,11.34,0.0
G0451,12,13.02,0.0
G0451,13,14.42,0.0
G0451,14,16.38,0.0
G0451,15,17.64,0.0
G0451,16,18.2,0.0
G0451,17,18.41,0.0
G0451,18,18.48,0.0
G0451,19,17.29,0.0
G0451,20,15.61,0.0
G0451,21,13.79,0.0
G0451,22,12.18,0.0
G0451,23,10.78,0.0
G0451,24,10.92,0.0
G0453,1,8.4,0.0
G0453,2,8.33,0.0
G0453,3,8.19,0.0
G0453,4,7.84,0.0
G0453,5,7.49,0.0
G0453,6,6.755,0.0
G0453,7,6.09,0.0
G0453,8,5.53,0.0
G0453,9,5.775,0.0
G0453,10,6.405,0.0
G0453,11,5.67,0.0
G0453,12,6.51,0.0
G0453,13,7.21,0.0
G0453,14,8.19,0.0
G0453,15,8.82,0.0
G0453,16,9.1,0.0
G0453,17,9.205,0.0
G0453,18,9.24,0.0
G0453,19,8.645,0.0
G0453,20,7.805,0.0
G0453,21,6.895,0.0
G0453,22,6.09,0.0
G0453,23,5.39,0.0
G0453,24,5.46,0.0
G0457,1,43.2,0.0
G0457,2,42.84,0.0
G0457,3,42.12,0.0
G0457,4,40.32,0.0
G0457,5,38.52,0.0
G0457,6,34.74,0.0
G0457,7,31.319999999999997,0.0
G0457,8,28.44,0.0
G0457,9,29.700000000000003,0.0
G0457,10,32.94,0.0
G0457,11,29.16,0.0
G0457,12,33.48,0.0
G0457,13,37.08,0.0
G0457,14,42.12,0.0
G0457,15,45.36,0.0
G0457,16,46.800000000000004,0.0
G0457,17,47.34,0.0
G0457,18,47.52,0.0
G0457,19,44.46,0.0
G0457,20,40.14,0.0
G0457,21,35.46,0.0
G0457,22,31.319999999999997,0.0
G0457,23,27.72,0.0
G0457,24,28.08,0.0
G0463,1,4.8,0.0
G0463,2,4.76,0.0
G0463,3,4.68,0.0
G0463,4,4.48,0.0
G0463,5,4.28,0.0
G0463,6,3.8600000000000003,0.0
G0463,7,3.4799999999999995,0.0
G0463,8,3.16,0.0
G0463,9,3.3,0.0
G0463,10,3.66,0.0
G0463,11,3.24,0.0
G0463,12,3.7199999999999998,0.0
G0463,13,4.12,0.0
G0463,14,4.68,0.0
G0463,15,5.04,0.0
G0463,16,5.2,0.0
G0463,17,5.26,0.0
G0463,18,5.28,0.0
G0463,19,4.94,0.0
G0463,20,4.46,0.0
G0463,21,3.9400000000000004,0.0
G0463,22,3.4799999999999995,0.0
G0463,23,3.08,0.0
G0463,24,3.12,0.0
G0465,1,36.48,0.0
G0465,2,36.176,0.0
G0465,3,35.568,0.0
G0465,4,34.048,0.0
G0465,5,32.528,0.0
G0465,6,29.335999999999995,0.0
G0465,7,26.448000000000004,0.0
G0465,8,24.016000000000002,0.0
G0465,9,25.08,0.0
G0465,10,27.816,0.0
G0465,11,24.624000000000002,0.0
G0465,12,28.272,0.0
G0465,13,31.312,0.0
G0465,14,35.568,0.0
G0465,15,38.304,0.0
G0465,16,39.52,0.0
G0465,17,39.976,0.0
G0465,18,40.128,0.0
G0465,19,37.544,0.0
G0465,20,33.896,0.0
G0465,21,29.943999999999996,0.0
G0465,22,26.448000000000004,0.0
G0465,23,23.408,0.0
G0465,24,23.712,0.0
G0467,1,8.64,0.0
G0467,2,8.568,0.0
G0467,3,8.424,0.0
G0467,4,8.064,0.0
G0467,5,7.704,0.0
G0467,6,6.948,0.0
G0467,7,6.264,0.0
G0467,8,5.688,0.0
G0467,9,5.94,0.0
G0467,10,6.588,0.0
G0467,11,5.832,0.0
G0467,12,6.696,0.0
G0467,13,7.416,0.0
G0467,14,8.424,0.0
G0467,15,9.072,0.0
G0467,16,9.36,0.0
G0467,17,9.468,0.0
G0467,18,9.504000000000001,0.0
G0467,19,8.892,0.0
G0467,20,8.028,0.0
G0467,21,7.092,0.0
G0467,22,6.264,0.0
G0467,23,5.544,0.0
G0467,24,5.616,0.0
G0468,1,16.8,0.0
G0468,2,16.66,0.0
G0468,3,16.38,0.0
G0468,4,15.68,0.0
G0468,5,14.98,0.0
G0468,6,13.51,0.0
G0468,7,12.18,0.0
G0468,8,11.06,0.0
G0468,9,11.55,0.0
G0468,10,12.81,0.0
G0468,11,11.34,0.0
G0468,12,13.02,0.0
G0468,13,14.42,0.0
G0468,14,16.38,0.0
G0468,15,17.64,0.0
G0468,16,18.2,0.0
G0468,17,18.41,0.0
G0468,18,18.48,0.0
G0468,19,17.29,0.0
G0468,20,15.61,0.0
G0468,21,13.79,0.0
G0468,22,12.18,0.0
G0468,23,10.78,0.0
G0468,24,10.92,0.0
G0469,1,9.6,0.0
G0469,2,9.52,0.0
G0469,3,9.36,0.0
G0469,4,8.96,0.0
G0469,5,8.56,0.0
G0469,6,7.720000000000001,0.0
G0469,7,6.959999999999999,0.0
G0469,8,6.32,0.0
G0469,9,6.6,0.0
G0469,10,7.32,0.0
G0469,11,6.48,0.0
G0469,12,7.4399999999999995,0.0
G0469,13,8.24,0.0
G0469,14,9.36,0.0
G0469,15,10.08,0.0
G0469,16,10.4,0.0
G0469,17,10.52,0.0
G0469,18,10.56,0.0
G0469,19,9.88,0.0
G0469,20,8.92,0.0
G0469,21,7.880000000000001,0.0
G0469,22,6.959999999999999,0.0
G0469,23,6.16,0.0
G0469,24,6.24,0.0
G0471,1,88.56,0.0
G0471,2,87.822,0.0
G0471,3,86.346,0.0
G0471,4,82.656,0.0
G0471,5,78.966,0.0
G0471,6,71.217,0.0
G0471,7,64.206,0.0
G0471,8,58.302,0.0
G0471,9,60.885000000000005,0.0
G0471,10,67.527,0.0
G0471,11,59.778,0.0
G0471,12,68.634,0.0
G0471,13,76.014,0.0
G0471,14,86.346,0.0
G0471,15,92.988,0.0
G0471,16,95.94,0.0
G0471,17,97.04700000000001,0.0
G0471,18,97.41600000000001,0.0
G0471,19,91.143,0.0
G0471,20,82.287,0.0
G0471,21,72.693,0.0
G0471,22,64.206,0.0
G0471,23,56.826,0.0
G0471,24,57.564,0.0
G0476,1,21.6,0.0
G0476,2,21.42,0.0
G0476,3,21.06,0.0
G0476,4,20.16,0.0
G0476,5,19.26,0.0
G0476,6,17.37,0.0
G0476,7,15.659999999999998,0.0
G0476,8,14.22,0.0
G0476,9,14.850000000000001,0.0
G0476,10,16.47,0.0
G0476,11,14.58,0.0
G0476,12,16.74,0.0
G0476,13,18.54,0.0
G0476,14,21.06,0.0
G0476,15,22.68,0.0
G0476,16,23.400000000000002,0.0
G0476,17,23.67,0.0
G0476,18,23.76,0.0
G0476,19,22.23,0.0
G0476,20,20.07,0.0
G0476,21,17.73,0.0
G0476,22,15.659999999999998,0.0
G0476,23,13.86,0.0
G0476,24,14.04,0.0
G0477,1,62.4,0.0
G0477,2,61.88,0.0
G0477,3,60.84,0.0
G0477,4,58.24,0.0
G0477,5,55.64,0.0
G0477,6,50.18,0.0
G0477,7,45.24,0.0
G0477,8,41.08,0.0
G0477,9,42.9,0.0
G0477,10,47.58,0.0
G0477,11,42.12,0.0
G0477,12,48.36,0.0
G0477,13,53.56,0.0
G0477,14,60.84,0.0
G0477,15,65.52,0.0
G0477,16,67.6,0.0
G0477,17,68.38,0.0
G0477,18,68.64,0.0
G0477,19,64.22,0.0
G0477,20,57.98,0.0
G0477,21,51.22,0.0
G0477,22,45.24,0.0
G0477,23,40.04,0.0
G0477,24,40.56,0.0
G0479,1,28.08,0.0
G0479,2,27.846,0.0
G0479,3,27.378,0.0
G0479,4,26.208,0.0
G0479,5,25.038,0.0
G0479,6,22.581,0.0
G0479,7,20.358,0.0
G0479,8,18.486,0.0
G0479,9,19.305,0.0
G0479,10,21.411,0.0
G0479,11,18.954,0.0
G0479,12,21.762,0.0
G0479,13,24.102,0.0
G0479,14,27.378,0.0
G0479,15,29.484,0.0
G0479,16,30.42,0.0
G0479,17,30.771,0.0
G0479,18,30.888,0.0
G0479,19,28.899,0.0
G0479,20,26.091,0.0
G0479,21,23.049,0.0
G0479,22,20.358,0.0
G0479,23,18.018,0.0
G0479,24,18.252,0.0
G0482,1,7.68,0.0
G0482,2,7.616,0.0
G0482,3,7.488,0.0
G0482,4,7.168,0.0
G0482,5,6.848,0.0
G0482,6,6.176,0.0
G0482,7,5.568,0.0
G0482,8,5.056,0.0
G0482,9,5.28,0.0
G0482,10,5.856,0.0
G0482,11,5.184,0.0
G0482,12,5.952,0.0
G0482,13,6.592,0.0
G0482,14,7.488,0.0
G0482,15,8.064,0.0
G0482,16,8.32,0.0
G0482,17,8.416,0.0
G0482,18,8.448,0.0
G0482,19,7.904,0.0
G0482,20,7.136,0.0
G0482,21,6.304,0.0
G0482,22,5.568,0.0
G0482,23,4.928,0.0
G0482,24,4.992,0.0
G0483,1,12.96,0.0
G0483,2,12.852,0.0
G0483,3,12.636,0.0
G0483,4,12.096,0.0
G0483,5,11.556,0.0
G0483,6,10.422,0.0
G0483,7,9.396,0.0
G0483,8,8.532,0.0
G0483,9,8.91,0.0
G0483,10,9.882,0.0
G0483,11,8.748,0.0
G0483,12,10.044,0.0
G0483,13,11.124,0.0
G0483,14,12.636,0.0
G0483,15,13.608,0.0
G0483,16,14.040000000000001,0.0
G0483,17,14.202,0.0
G0483,18,14.256,0.0
G0483,19,13.338,0.0
G0483,20,12.042,0.0
G0483,21,10.638,0.0
G0483,22,9.396,0.0
G0483,23,8.316,0.0
G0483,24,8.424,0.0
G0484,1,18.24,0.0
G0484,2,18.088,0.0
G0484,3,17.784,0.0
G0484,4,17.024,0.0
G0484,5,16.264,0.0
G0484,6,14.667999999999997,0.0
G0484,7,13.224000000000002,0.0
G0484,8,12.008000000000001,0.0
G0484,9,12.54,0.0
G0484,10,13.908,0.0
G0484,11,12.312000000000001,0.0
G0484,12,14.136,0.0
G0484,13,15.656,0.0
G0484,14,17.784,0.0
G0484,15,19.152,0.0
G0484,16,19.76,0.0
G0484,17,19.988,0.0
G0484,18,20.064,0.0
G0484,19,18.772,0.0
G0484,20,16.948,0.0
G0484,21,14.971999999999998,0.0
G0484,22,13.224000000000002,0.0
G0484,23,11.704,0.0
G0484,24,11.856,0.0
G0486,1,5.76,0.0
G0486,2,5.712,0.0
G0486,3,5.616,0.0
G0486,4,5.376,0.0
G0486,5,5.136,0.0
G0486,6,4.632,0.0
G0486,7,4.176,0.0
G0486,8,3.792,0.0
G0486,9,3.96,0.0
G0486,10,4.392,0.0
G0486,11,3.888,0.0
G0486,12,4.464,0.0
G0486,13,4.944,0.0
G0486,14,5.616,0.0
G0486,15,6.048,0.0
G0486,16,6.24,0.0
G0486,17,6.312,0.0
G0486,18,6.336,0.0
G0486,19,5.928,0.0
G0486,20,5.352,0.0
G0486,21,4.728,0.0
G0486,22,4.176,0.0
G0486,23,3.6959999999999997,0.0
G0486,24,3.7439999999999998,0.0
G0487,1,10.08,0.0
G0487,2,9.996,0.0
G0487,3,9.828,0.0
G0487,4,9.408,0.0
G0487,5,8.988,0.0
G0487,6,8.106,0.0
G0487,7,7.308,0.0
G0487,8,6.636,0.0
G0487,9,6.929999999999999,0.0
G0487,10,7.686,0.0
G0487,11,6.804,0.0
G0487,12,7.812,0.0
G0487,13,8.652,0.0
G0487,14,9.828,0.0
G0487,15,10.584,0.0
G0487,16,10.92,0.0
G0487,17,11.046000000000001,0.0
G0487,18,11.087999999999997,0.0
G0487,19,10.374,0.0
G0487,20,9.366,0.0
G0487,21,8.274,0.0
G0487,22,7.308,0.0
G0487,23,6.468,0.0
G0487,24,6.552,0.0
G0488,1,150.36,0.0
G0488,2,149.107,0.0
G0488,3,146.601,0.0
G0488,4,140.336,0.0
G0488,5,134.071,0.0
G0488,6,120.9145,0.0
G0488,7,109.011,0.0
G0488,8,98.987,0.0
G0488,9,103.3725,0.0
G0488,10,114.6495,0.0
G0488,11,101.49300000000001,0.0
G0488,12,116.529,0.0
G0488,13,129.059,0.0
G0488,14,146.601,0.0
G0488,15,157.87800000000001,0.0
G0488,16,162.88999999999996,0.0
G0488,17,164.7695,0.0
G0488,18,165.396,0.0
G0488,19,154.7455,0.0
G0488,20,139.7095,0.0
G0488,21,123.4205,0.0
G0488,22,109.011,0.0
G0488,23,96.481,0.0
G0488,24,97.734,0.0
G0490,1,41.04,0.0
G0490,2,40.698,0.0
G0490,3,40.014,0.0
G0490,4,38.304,0.0
G0490,5,36.594,0.0
G0490,6,33.003,0.0
G0490,7,29.754,0.0
G0490,8,27.018,0.0
G0490,9,28.215,0.0
G0490,10,31.293,0.0
G0490,11,27.702,0.0
G0490,12,31.806,0.0
G0490,13,35.226,0.0
G0490,14,40.014,0.0
G0490,15,43.092,0.0
G0490,16,44.46,0.0
G0490,17,44.973,0.0
G0490,18,45.144000000000005,0.0
G0490,19,42.237,0.0
G0490,20,38.133,0.0
G0490,21,33.687,0.0
G0490,22,29.754,0.0
G0490,23,26.334,0.0
G0490,24,26.676,0.0
G0491,1,22.08,0.0
G0491,2,21.896,0.0
G0491,3,21.528,0.0
G0491,4,20.608,0.0
G0491,5,19.688,0.0
G0491,6,17.756,0.0
G0491,7,16.008,0.0
G0491,8,14.536,0.0
G0491,9,15.180000000000001,0.0
G0491,10,16.836,0.0
G0491,11,14.904,0.0
G0491,12,17.112,0.0
G0491,13,18.952,0.0
G0491,14,21.528,0.0
G0491,15,23.184,0.0
G0491,16,23.92,0.0
G0491,17,24.196,0.0
G0491,18,24.288,0.0
G0491,19,22.724,0.0
G0491,20,20.516,0.0
G0491,21,18.124,0.0
G0491,22,16.008,0.0
G0491,23,14.168,0.0
G0491,24,14.352,0.0
G0492,1,3.84,0.0
G0492,2,3.808,0.0
G0492,3,3.744,0.0
G0492,4,3.584,0.0
G0492,5,3.424,0.0
G0492,6,3.088,0.0
G0492,7,2.784,0.0
G0492,8,2.528,0.0
G0492,9,2.64,0.0
G0492,10,2.928,0.0
G0492,11,2.592,0.0
G0492,12,2.976,0.0
G0492,13,3.296,0.0
G0492,14,3.744,0.0
G0492,15,4.032,0.0
G0492,16,4.16,0.0
G0492,17,4.208,0.0
G0492,18,4.224,0.0
G0492,19,3.952,0.0
G0492,20,3.568,0.0
G0492,21,3.152,0.0
G0492,22,2.784,0.0
G0492,23,2.464,0.0
G0492,24,2.496,0.0
G0496,1,11.28,0.0
G0496,2,11.186,0.0
G0496,3,10.998,0.0
G0496,4,10.528,0.0
G0496,5,10.058,0.0
G0496,6,9.071,0.0
G0496,7,8.178,0.0
G0496,8,7.426,0.0
G0496,9,7.755000000000001,0.0
G0496,10,8.601,0.0
G0496,11,7.614,0.0
G0496,12,8.742,0.0
G0496,13,9.682,0.0
G0496,14,10.998,0.0
G0496,15,11.844,0.0
G0496,16,12.22,0.0
G0496,17,12.361,0.0
G0496,18,12.408000000000001,0.0
G0496,19,11.609,0.0
G0496,20,10.481,0.0
G0496,21,9.259,0.0
G0496,22,8.178,0.0
G0496,23,7.2379999999999995,0.0
G0496,24,7.332,0.0
G0502,1,11.52,0.0
G0502,2,11.424,0.0
G0502,3,11.232,0.0
G0502,4,10.752,0.0
G0502,5,10.272,0.0
G0502,6,9.264,0.0
G0502,7,8.352,0.0
G0502,8,7.584,0.0
G0502,9,7.92,0.0
G0502,10,8.784,0.0
G0502,11,7.776,0.0
G0502,12,8.928,0.0
G0502,13,9.888,0.0
G0502,14,11.232,0.0
G0502,15,12.096,0.0
G0502,16,12.48,0.0
G0502,17,12.624,0.0
G0502,18,12.672,0.0
G0502,19,11.856,0.0
G0502,20,10.704,0.0
G0502,21,9.456,0.0
G0502,22,8.352,0.0
G0502,23,7.3919999999999995,0.0
G0502,24,7.4879999999999995,0.0
G0506,1,27.36,0.0
G0506,2,27.132,0.0
G0506,3,26.676,0.0
G0506,4,25.536,0.0
G0506,5,24.396,0.0
G0506,6,22.002,0.0
G0506,7,19.836,0.0
G0506,8,18.012,0.0
G0506,9,18.81,0.0
G0506,10,20.862,0.0
G0506,11,18.468,0.0
G0506,12,21.204,0.0
G0506,13,23.484,0.0
G0506,14,26.676,0.0
G0506,15,28.728,0.0
G0506,16,29.64,0.0
G0506,17,29.982000000000003,0.0
G0506,18,30.096,0.0
G0506,19,28.158,0.0
G0506,20,25.422,0.0
G0506,21,22.458,0.0
G0506,22,19.836,0.0
G0506,23,17.556,0.0
G0506,24,17.784,0.0
G0508,1,12.48,0.0
G0508,2,12.376,0.0
G0508,3,12.168,0.0
G0508,4,11.648,0.0
G0508,5,11.128,0.0
G0508,6,10.036,0.0
G0508,7,9.048,0.0
G0508,8,8.216,0.0
G0508,9,8.58,0.0
G0508,10,9.516,0.0
G0508,11,8.424,0.0
G0508,12,9.672,0.0
G0508,13,10.712,0.0
G0508,14,12.168,0.0
G0508,15,13.104,0.0
G0508,16,13.52,0.0
G0508,17,13.676,0.0
G0508,18,13.728000000000002,0.0
G0508,19,12.844,0.0
G0508,20,11.596,0.0
G0508,21,10.244,0.0
G0508,22,9.048,0.0
G0508,23,8.008,0.0
G0508,24,8.112,0.0
G0509,1,50.88,0.0
G0509,2,50.456,0.0
G0509,3,49.608,0.0
G0509,4,47.488,0.0
G0509,5,45.368,0.0
G0509,6,40.916,0.0
G0509,7,36.888,0.0
G0509,8,33.496,0.0
G0509,9,34.98,0.0
G0509,10,38.796,0.0
G0509,11,34.344,0.0
G0509,12,39.432,0.0
G0509,13,43.672,0.0
G0509,14,49.608,0.0
G0509,15,53.424,0.0
G0509,16,55.120000000000005,0.0
G0509,17,55.756,0.0
G0509,18,55.968,0.0
G0509,19,52.364,0.0
G0509,20,47.276,0.0
G0509,21,41.764,0.0
G0509,22,36.888,0.0
G0509,23,32.648,0.0
G0509,24,33.072,0.0
G0511,1,5.04,0.0
G0511,2,4.998,0.0
G0511,3,4.914,0.0
G0511,4,4.704,0.0
G0511,5,4.494,0.0
G0511,6,4.053,0.0
G0511,7,3.654,0.0
G0511,8,3.318,0.0
G0511,9,3.4649999999999994,0.0
G0511,10,3.843,0.0
G0511,11,3.402,0.0
G0511,12,3.906,0.0
G0511,13,4.326,0.0
G0511,14,4.914,0.0
G0511,15,5.292,0.0
G0511,16,5.46,0.0
G0511,17,5.523000000000001,0.0
G0511,18,5.543999999999999,0.0
G0511,19,5.187,0.0
G0511,20,4.683,0.0
G0511,21,4.137,0.0
G0511,22,3.654,0.0
G0511,23,3.234,0.0
G0511,24,3.276,0.0
G0512,1,7.44,0.0
G0512,2,7.378,0.0
G0512,3,7.254,0.0
G0512,4,6.944,0.0
G0512,5,6.634,0.0
G0512,6,5.983,0.0
G0512,7,5.394,0.0
G0512,8,4.898,0.0
G0512,9,5.115,0.0
G0512,10,5.673,0.0
G0512,11,5.022,0.0
G0512,12,5.766,0.0
G0512,13,6.386,0.0
G0512,14,7.254,0.0
G0512,15,7.812,0.0
G0512,16,8.06,0.0
G0512,17,8.153,0.0
G0512,18,8.184,0.0
G0512,19,7.657,0.0
G0512,20,6.913,0.0
G0512,21,6.107,0.0
G0512,22,5.394,0.0
G0512,23,4.774,0.0
G0512,24,4.836,0.0
G0514,1,13.92,0.0
G0514,2,13.804,0.0
G0514,3,13.572,0.0
G0514,4,12.992,0.0
G0514,5,12.412,0.0
G0514,6,11.194,0.0
G0514,7,10.092,0.0
G0514,8,9.164,0.0
G0514,9,9.57,0.0
G0514,10,10.614,0.0
G0514,11,9.396,0.0
G0514,12,10.788,0.0
G0514,13,11.948,0.0
G0514,14,13.572,0.0
G0514,15,14.616,0.0
G0514,16,15.08,0.0
G0514,17,15.254000000000001,0.0
G0514,18,15.312000000000001,0.0
G0514,19,14.326,0.0
G0514,20,12.934,0.0
G0514,21,11.426,0.0
G0514,22,10.092,0.0
G0514,23,8.932,0.0
G0514,24,9.048,0.0
G0517,1,12.0,0.0
G0517,2,11.9,0.0
G0517,3,11.7,0.0
G0517,4,11.2,0.0
G0517,5,10.7,0.0
G0517,6,9.65,0.0
G0517,7,8.7,0.0
G0517,8,7.9,0.0
G0517,9,8.25,0.0
G0517,10,9.15,0.0
G0517,11,8.1,0.0
G0517,12,9.3,0.0
G0517,13,10.3,0.0
G0517,14,11.7,0.0
G0517,15,12.6,0.0
G0517,16,13.0,0.0
G0517,17,13.15,0.0
G0517,18,13.200000000000001,0.0
G0517,19,12.35,0.0
G0517,20,11.15,0.0
G0517,21,9.85,0.0
G0517,22,8.7,0.0
G0517,23,7.7,0.0
G0517,24,7.8,0.0
G0520,1,10.32,0.0
G0520,2,10.234,0.0
G0520,3,10.062,0.0
G0520,4,9.632,0.0
G0520,5,9.202,0.0
G0520,6,8.299,0.0
G0520,7,7.482000000000001,0.0
G0520,8,6.7940000000000005,0.0
G0520,9,7.095000000000001,0.0
G0520,10,7.869,0.0
G0520,11,6.966,0.0
G0520,12,7.998,0.0
G0520,13,8.858,0.0
G0520,14,10.062,0.0
G0520,15,10.836,0.0
G0520,16,11.18,0.0
G0520,17,11.308999999999997,0.0
G0520,18,11.352,0.0
G0520,19,10.621,0.0
G0520,20,9.589,0.0
G0520,21,8.471,0.0
G0520,22,7.482000000000001,0.0
G0520,23,6.622,0.0
G0520,24,6.708,0.0
G0532,1,24.72,0.0
G0532,2,24.514,0.0
G0532,3,24.102,0.0
G0532,4,23.072,0.0
G0532,5,22.042,0.0
G0532,6,19.879,0.0
G0532,7,17.922,0.0
G0532,8,16.274,0.0
G0532,9,16.995,0.0
G0532,10,18.849,0.0
G0532,11,16.686,0.0
G0532,12,19.158,0.0
G0532,13,21.218,0.0
G0532,14,24.102,0.0
G0532,15,25.956,0.0
G0532,16,26.78,0.0
G0532,17,27.089000000000002,0.0
G0532,18,27.192,0.0
G0532,19,25.441,0.0
G0532,20,22.969,0.0
G0532,21,20.291,0.0
G0532,22,17.922,0.0
G0532,23,15.862,0.0
G0532,24,16.068,0.0
G0536,1,29.52,0.0
G0536,2,29.274,0.0
G0536,3,28.782,0.0
G0536,4,27.552,0.0
G0536,5,26.322,0.0
G0536,6,23.739,0.0
G0536,7,21.402,0.0
G0536,8,19.434,0.0
G0536,9,20.295,0.0
G0536,10,22.509,0.0
G0536,11,19.926,0.0
G0536,12,22.878,0.0
G0536,13,25.338,0.0
G0536,14,28.782,0.0
G0536,15,30.996,0.0
G0536,16,31.98,0.0
G0536,17,32.349,0.0
G0536,18,32.472,0.0
G0536,19,30.381,0.0
G0536,20,27.429,0.0
G0536,21,24.231,0.0
G0536,22,21.402,0.0
G0536,23,18.942,0.0
G0536,24,19.188,0.0
G0537,1,13.2,0.0
G0537,2,13.09,0.0
G0537,3,12.87,0.0
G0537,4,12.32,0.0
G0537,5,11.77,0.0
G0537,6,10.615,0.0
G0537,7,9.57,0.0
G0537,8,8.69,0.0
G0537,9,9.075,0.0
G0537,10,10.065,0.0
G0537,11,8.91,0.0
G0537,12,10.23,0.0
G0537,13,11.33,0.0
G0537,14,12.87,0.0
G0537,15,13.86,0.0
G0537,16,14.3,0.0
G0537,17,14.465,0.0
G0537,18,14.520000000000001,0.0
G0537,19,13.585,0.0
G0537,20,12.265,0.0
G0537,21,10.835,0.0
G0537,22,9.57,0.0
G0537,23,8.47,0.0
G0537,24,8.58,0.0
G0539,1,3.36,0.0
G0539,2,3.332,0.0
G0539,3,3.276,0.0
G0539,4,3.136,0.0
G0539,5,2.996,0.0
G0539,6,2.702,0.0
G0539,7,2.436,0.0
G0539,8,2.212,0.0
G0539,9,2.31,0.0
G0539,10,2.562,0.0
G0539,11,2.268,0.0
G0539,12,2.604,0.0
G0539,13,2.884,0.0
G0539,14,3.276,0.0
G0539,15,3.528,0.0
G0539,16,3.64,0.0
G0539,17,3.6820000000000004,0.0
G0539,18,3.696,0.0
G0539,19,3.458,0.0
G0539,20,3.122,0.0
G0539,21,2.758,0.0
G0539,22,2.436,0.0
G0539,23,2.156,0.0
G0539,24,2.184,0.0
G0540,1,6.24,0.0
G0540,2,6.188,0.0
G0540,3,6.084,0.0
G0540,4,5.824,0.0
G0540,5,5.564,0.0
G0540,6,5.018,0.0
G0540,7,4.524,0.0
G0540,8,4.108,0.0
G0540,9,4.29,0.0
G0540,10,4.758,0.0
G0540,11,4.212,0.0
G0540,12,4.836,0.0
G0540,13,5.356,0.0
G0540,14,6.084,0.0
G0540,15,6.552,0.0
G0540,16,6.76,0.0
G0540,17,6.838,0.0
G0540,18,6.864000000000001,0.0
G0540,19,6.422,0.0
G0540,20,5.798,0.0
G0540,21,5.122,0.0
G0540,22,4.524,0.0
G0540,23,4.004,0.0
G0540,24,4.056,0.0
G0542,1,3.36,0.0
G0542,2,3.332,0.0
G0542,3,3.276,0.0
G0542,4,3.136,0.0
G0542,5,2.996,0.0
G0542,6,2.702,0.0
G0542,7,2.436,0.0
G0542,8,2.212,0.0
G0542,9,2.31,0.0
G0542,10,2.562,0.0
G0542,11,2.268,0.0
G0542,12,2.604,0.0
G0542,13,2.884,0.0
G0542,14,3.276,0.0
G0542,15,3.528,0.0
G0542,16,3.64,0.0
G0542,17,3.6820000000000004,0.0
G0542,18,3.696,0.0
G0542,19,3.458,0.0
G0542,20,3.122,0.0
G0542,21,2.758,0.0
G0542,22,2.436,0.0
G0542,23,2.156,0.0
G0542,24,2.184,0.0
G0544,1,33.12,0.0
G0544,2,32.844,0.0
G0544,3,32.292,0.0
G0544,4,30.912,0.0
G0544,5,29.532,0.0
G0544,6,26.634,0.0
G0544,7,24.012,0.0
G0544,8,21.804,0.0
G0544,9,22.77,0.0
G0544,10,25.253999999999998,0.0
G0544,11,22.356,0.0
G0544,12,25.668,0.0
G0544,13,28.428,0.0
G0544,14,32.292,0.0
G0544,15,34.776,0.0
G0544,16,35.88,0.0
G0544,17,36.294,0.0
G0544,18,36.432,0.0
G0544,19,34.086,0.0
G0544,20,30.774,0.0
G0544,21,27.186,0.0
G0544,22,24.012,0.0
G0544,23,21.252,0.0
G0544,24,21.528,0.0
G0548,1,2.4,0.0
G0548,2,2.38,0.0
G0548,3,2.34,0.0
G0548,4,2.24,0.0
G0548,5,2.14,0.0
G0548,6,1.9300000000000002,0.0
G0548,7,1.7399999999999998,0.0
G0548,8,1.58,0.0
G0548,9,1.65,0.0
G0548,10,1.83,0.0
G0548,11,1.62,0.0
G0548,12,1.8599999999999999,0.0
G0548,13,2.06,0.0
G0548,14,2.34,0.0
G0548,15,2.52,0.0
G0548,16,2.6,0.0
G0548,17,2.63,0.0
G0548,18,2.64,0.0
G0548,19,2.47,0.0
G0548,20,2.23,0.0
G0548,21,1.9700000000000002,0.0
G0548,22,1.7399999999999998,0.0
G0548,23,1.54,0.0
G0548,24,1.56,0.0
G0549,1,9.6,0.0
G0549,2,9.52,0.0
G0549,3,9.36,0.0
G0549,4,8.96,0.0
G0549,5,8.56,0.0
G0549,6,7.720000000000001,0.0
G0549,7,6.959999999999999,0.0
G0549,8,6.32,0.0
G0549,9,6.6,0.0
G0549,10,7.32,0.0
G0549,11,6.48,0.0
G0549,12,7.4399999999999995,0.0
G0549,13,8.24,0.0
G0549,14,9.36,0.0
G0549,15,10.08,0.0
G0549,16,10.4,0.0
G0549,17,10.52,0.0
G0549,18,10.56,0.0
G0549,19,9.88,0.0
G0549,20,8.92,0.0
G0549,21,7.880000000000001,0.0
G0549,22,6.959999999999999,0.0
G0549,23,6.16,0.0
G0549,24,6.24,0.0
G0550,1,5.28,0.0
G0550,2,5.236,0.0
G0550,3,5.148,0.0
G0550,4,4.928,0.0
G0550,5,4.708,0.0
G0550,6,4.246,0.0
G0550,7,3.828,0.0
G0550,8,3.476,0.0
G0550,9,3.6300000000000003,0.0
G0550,10,4.026,0.0
G0550,11,3.564,0.0
G0550,12,4.092,0.0
G0550,13,4.532,0.0
G0550,14,5.148,0.0
G0550,15,5.5440000000000005,0.0
G0550,16,5.720000000000001,0.0
G0550,17,5.785999999999999,0.0
G0550,18,5.808,0.0
G0550,19,5.434,0.0
G0550,20,4.906,0.0
G0550,21,4.334,0.0
G0550,22,3.828,0.0
G0550,23,3.388,0.0
G0550,24,3.432,0.0
G0551,1,12.0,0.0
G0551,2,11.9,0.0
G0551,3,11.7,0.0
G0551,4,11.2,0.0
G0551,5,10.7,0.0
G0551,6,9.65,0.0
G0551,7,8.7,0.0
G0551,8,7.9,0.0
G0551,9,8.25,0.0
G0551,10,9.15,0.0
G0551,11,8.1,0.0
G0551,12,9.3,0.0
G0551,13,10.3,0.0
G0551,14,11.7,0.0
G0551,15,12.6,0.0
G0551,16,13.0,0.0
G0551,17,13.15,0.0
G0551,18,13.200000000000001,0.0
G0551,19,12.35,0.0
G0551,20,11.15,0.0
G0551,21,9.85,0.0
G0551,22,8.7,0.0
G0551,23,7.7,0.0
G0551,24,7.8,0.0
G0555,1,4.08,0.0
G0555,2,4.046,0.0
G0555,3,3.978,0.0
G0555,4,3.808,0.0
G0555,5,3.638,0.0
G0555,6,3.281,0.0
G0555,7,2.958,0.0
G0555,8,2.686,0.0
G0555,9,2.805,0.0
G0555,10,3.111,0.0
G0555,11,2.754,0.0
G0555,12,3.162,0.0
G0555,13,3.502,0.0
G0555,14,3.978,0.0
G0555,15,4.284,0.0
G0555,16,4.42,0.0
G0555,17,4.471,0.0
G0555,18,4.488,0.0
G0555,19,4.199,0.0
G0555,20,3.791,0.0
G0555,21,3.349,0.0
G0555,22,2.958,0.0
G0555,23,2.618,0.0
G0555,24,2.652,0.0
G0556,1,16.08,0.0
G0556,2,15.946,0.0
G0556,3,15.678,0.0
G0556,4,15.008,0.0
G0556,5,14.338,0.0
G0556,6,12.931,0.0
G0556,7,11.658,0.0
G0556,8,10.586,0.0
G0556,9,11.055,0.0
G0556,10,12.261,0.0
G0556,11,10.854,0.0
G0556,12,12.462,0.0
G0556,13,13.802,0.0
G0556,14,15.678,0.0
G0556,15,16.884,0.0
G0556,16,17.42,0.0
G0556,17,17.621,0.0
G0556,18,17.688,0.0
G0556,19,16.549,0.0
G0556,20,14.941,0.0
G0556,21,13.199,0.0
G0556,22,11.658,0.0
G0556,23,10.318,0.0
G0556,24,10.452,0.0
G0564,1,10.32,0.0
G0564,2,10.234,0.0
G0564,3,10.062,0.0
G0564,4,9.632,0.0
G0564,5,9.202,0.0
G0564,6,8.299,0.0
G0564,7,7.482000000000001,0.0
G0564,8,6.7940000000000005,0.0
G0564,9,7.095000000000001,0.0
G0564,10,7.869,0.0
G0564,11,6.966,0.0
G0564,12,7.998,0.0
G0564,13,8.858,0.0
G0564,14,10.062,0.0
G0564,15,10.836,0.0
G0564,16,11.18,0.0
G0564,17,11.308999999999997,0.0
G0564,18,11.352,0.0
G0564,19,10.621,0.0
G0564,20,9.589,0.0
G0564,21,8.471,0.0
G0564,22,7.482000000000001,0.0
G0564,23,6.622,0.0
G0564,24,6.708,0.0
G0566,1,41.04,0.0
G0566,2,40.698,0.0
G0566,3,40.014,0.0
G0566,4,38.304,0.0
G0566,5,36.594,0.0
G0566,6,33.003,0.0
G0566,7,29.754,0.0
G0566,8,27.018,0.0
G0566,9,28.215,0.0
G0566,10,31.293,0.0
G0566,11,27.702,0.0
G0566,12,31.806,0.0
G0566,13,35.226,0.0
G0566,14,40.014,0.0
G0566,15,43.092,0.0
G0566,16,44.46,0.0
G0566,17,44.973,0.0
G0566,18,45.144000000000005,0.0
G0566,19,42.237,0.0
G0566,20,38.133,0.0
G0566,21,33.687,0.0
G0566,22,29.754,0.0
G0566,23,26.334,0.0
G0566,24,26.676,0.0
G0570,1,9.6,0.0
G0570,2,9.52,0.0
G0570,3,9.36,0.0
G0570,4,8.96,0.0
G0570,5,8.56,0.0
G0570,6,7.720000000000001,0.0
G0570,7,6.959999999999999,0.0
G0570,8,6.32,0.0
G0570,9,6.6,0.0
G0570,10,7.32,0.0
G0570,11,6.48,0.0
G0570,12,7.4399999999999995,0.0
G0570,13,8.24,0.0
G0570,14,9.36,0.0
G0570,15,10.08,0.0
G0570,16,10.4,0.0
G0570,17,10.52,0.0
G0570,18,10.56,0.0
G0570,19,9.88,0.0
G0570,20,8.92,0.0
G0570,21,7.880000000000001,0.0
G0570,22,6.959999999999999,0.0
G0570,23,6.16,0.0
G0570,24,6.24,0.0
G0572,1,52.32,0.0
G0572,2,51.884,0.0
G0572,3,51.012,0.0
G0572,4,48.832,0.0
G0572,5,46.652,0.0
G0572,6,42.074,0.0
G0572,7,37.932,0.0
G0572,8,34.444,0.0
G0572,9,35.97,0.0
G0572,10,39.894,0.0
G0572,11,35.316,0.0
G0572,12,40.548,0.0
G0572,13,44.908,0.0
G0572,14,51.012,0.0
G0572,15,54.936,0.0
G0572,16,56.68,0.0
G0572,17,57.334,0.0
G0572,18,57.552,0.0
G0572,19,53.846,0.0
G0572,20,48.614,0.0
G0572,21,42.946,0.0
G0572,22,37.932,0.0
G0572,23,33.572,0.0
G0572,24,34.008,0.0
G0576,1,7.2,0.0
G0576,2,7.14,0.0
G0576,3,7.02,0.0
G0576,4,6.72,0.0
G0576,5,6.42,0.0
G0576,6,5.79,0.0
G0576,7,5.22,0.0
G0576,8,4.74,0.0
G0576,9,4.95,0.0
G0576,10,5.49,0.0
G0576,11,4.86,0.0
G0576,12,5.58,0.0
G0576,13,6.18,0.0
G0576,14,7.02,0.0
G0576,15,7.5600000000000005,0.0
G0576,16,7.800000000000001,0.0
G0576,17,7.890000000000001,0.0
G0576,18,7.92,0.0
G0576,19,7.41,0.0
G0576,20,6.69,0.0
G0576,21,5.91,0.0
G0576,22,5.22,0.0
G0576,23,4.62,0.0
G0576,24,4.68,0.0
G0577,1,27.36,0.0
G0577,2,27.132,0.0
G0577,3,26.676,0.0
G0577,4,25.536,0.0
G0577,5,24.396,0.0
G0577,6,22.002,0.0
G0577,7,19.836,0.0
G0577,8,18.012,0.0
G0577,9,18.81,0.0
G0577,10,20.862,0.0
G0577,11,18.468,0.0
G0577,12,21.204,0.0
G0577,13,23.484,0.0
G0577,14,26.676,0.0
G0577,15,28.728,0.0
G0577,16,29.64,0.0
G0577,17,29.982000000000003,0.0
G0577,18,30.096,0.0
G0577,19,28.158,0.0
G0577,20,25.422,0.0
G0577,21,22.458,0.0
G0577,22,19.836,0.0
G0577,23,17.556,0.0
G0577,24,17.784,0.0
G0580,1,21.12,0.0
G0580,2,20.944,0.0
G0580,3,20.592,0.0
G0580,4,19.712,0.0
G0580,5,18.832,0.0
G0580,6,16.984,0.0
G0580,7,15.312,0.0
G0580,8,13.904,0.0
G0580,9,14.520000000000001,0.0
G0580,10,16.104,0.0
G0580,11,14.256,0.0
G0580,12,16.368,0.0
G0580,13,18.128,0.0
G0580,14,20.592,0.0
G0580,15,22.176000000000002,0.0
G0580,16,22.880000000000003,0.0
G0580,17,23.143999999999995,0.0
G0580,18,23.232,0.0
G0580,19,21.736,0.0
G0580,20,19.624,0.0
G0580,21,17.336,0.0
G0580,22,15.312,0.0
G0580,23,13.552,0.0
G0580,24,13.728,0.0
G0583,1,24.72,0.0
G0583,2,24.514,0.0
G0583,3,24.102,0.0
G0583,4,23.072,0.0
G0583,5,22.042,0.0
G0583,6,19.879,0.0
G0583,7,17.922,0.0
G0583,8,16.274,0.0
G0583,9,16.995,0.0
G0583,10,18.849,0.0
G0583,11,16.686,0.0
G0583,12,19.158,0.0
G0583,13,21.218,0.0
G0583,14,24.102,0.0
G0583,15,25.956,0.0
G0583,16,26.78,0.0
G0583,17,27.089000000000002,0.0
G0583,18,27.192,0.0
G0583,19,25.441,0.0
G0583,20,22.969,0.0
G0583,21,20.291,0.0
G0583,22,17.922,0.0
G0583,23,15.862,0.0
G0583,24,16.068,0.0
G0589,1,15.84,0.0
G0589,2,15.707999999999998,0.0
G0589,3,15.444,0.0
G0589,4,14.784,0.0
G0589,5,14.124,0.0
G0589,6,12.738,0.0
G0589,7,11.484,0.0
G0589,8,10.428,0.0
G0589,9,10.89,0.0
G0589,10,12.078,0.0
G0589,11,10.692,0.0
G0589,12,12.276,0.0
G0589,13,13.596,0.0
G0589,14,15.444,0.0
G0589,15,16.632,0.0
G0589,16,17.16,0.0
G0589,17,17.358,0.0
G0589,18,17.424,0.0
G0589,19,16.302,0.0
G0589,20,14.718,0.0
G0589,21,13.002,0.0
G0589,22,11.484,0.0
G0589,23,10.164,0.0
G0589,24,10.296,0.0
G0590,1,4.32,0.0
G0590,2,4.284,0.0
G0590,3,4.212,0.0
G0590,4,4.032,0.0
G0590,5,3.852,0.0
G0590,6,3.474,0.0
G0590,7,3.132,0.0
G0590,8,2.844,0.0
G0590,9,2.97,0.0
G0590,10,3.294,0.0
G0590,11,2.916,0.0
G0590,12,3.348,0.0
G0590,13,3.708,0.0
G0590,14,4.212,0.0
G0590,15,4.536,0.0
G0590,16,4.68,0.0
G0590,17,4.734,0.0
G0590,18,4.752000000000001,0.0
G0590,19,4.446,0.0
G0590,20,4.014,0.0
G0590,21,3.546,0.0
G0590,22,3.132,0.0
G0590,23,2.772,0.0
G0590,24,2.808,0.0
G0591,1,15.36,0.0
G0591,2,15.232,0.0
G0591,3,14.976,0.0
G0591,4,14.336,0.0
G0591,5,13.696,0.0
G0591,6,12.352,0.0
G0591,7,11.136,0.0
G0591,8,10.112,0.0
G0591,9,10.56,0.0
G0591,10,11.712,0.0
G0591,11,10.368,0.0
G0591,12,11.904,0.0
G0591,13,13.184,0.0
G0591,14,14.976,0.0
G0591,15,16.128,0.0
G0591,16,16.64,0.0
G0591,17,16.832,0.0
G0591,18,16.896,0.0
G0591,19,15.808,0.0
G0591,20,14.272,0.0
G0591,21,12.608,0.0
G0591,22,11.136,0.0
G0591,23,9.856,0.0
G0591,24,9.984,0.0
G0592,1,3.36,0.0
G0592,2,3.332,0.0
G0592,3,3.276,0.0
G0592,4,3.136,0.0
G0592,5,2.996,0.0
G0592,6,2.702,0.0
G0592,7,2.436,0.0
G0592,8,2.212,0.0
G0592,9,2.31,0.0
G0592,10,2.562,0.0
G0592,11,2.268,0.0
G0592,12,2.604,0.0
G0592,13,2.884,0.0
G0592,14,3.276,0.0
G0592,15,3.528,0.0
G0592,16,3.64,0.0
G0592,17,3.6820000000000004,0.0
G0592,18,3.696,0.0
G0592,19,3.458,0.0
G0592,20,3.122,0.0
G0592,21,2.758,0.0
G0592,22,2.436,0.0
G0592,23,2.156,0.0
G0592,24,2.184,0.0
G0593,1,33.36,0.0
G0593,2,33.082,0.0
G0593,3,32.526,0.0
G0593,4,31.136,0.0
G0593,5,29.746,0.0
G0593,6,26.827,0.0
G0593,7,24.186,0.0
G0593,8,21.962,0.0
G0593,9,22.935,0.0
G0593,10,25.437,0.0
G0593,11,22.518,0.0
G0593,12,25.854,0.0
G0593,13,28.633999999999997,0.0
G0593,14,32.526,0.0
G0593,15,35.028,0.0
G0593,16,36.14,0.0
G0593,17,36.557,0.0
G0593,18,36.696000000000005,0.0
G0593,19,34.333,0.0
G0593,20,30.997,0.0
G0593,21,27.382999999999996,0.0
G0593,22,24.186,0.0
G0593,23,21.406,0.0
G0593,24,21.684,0.0
G0595,1,4.8,0.0
G0595,2,4.76,0.0
G0595,3,4.68,0.0
G0595,4,4.48,0.0
G0595,5,4.28,0.0
G0595,6,3.8600000000000003,0.0
G0595,7,3.4799999999999995,0.0
G0595,8,3.16,0.0
G0595,9,3.3,0.0
G0595,10,3.66,0.0
G0595,11,3.24,0.0
G0595,12,3.7199999999999998,0.0
G0595,13,4.12,0.0
G0595,14,4.68,0.0
G0595,15,5.04,0.0
G0595,16,5.2,0.0
G0595,17,5.26,0.0
G0595,18,5.28,0.0
G0595,19,4.94,0.0
G0595,20,4.46,0.0
G0595,21,3.9400000000000004,0.0
G0595,22,3.4799999999999995,0.0
G0595,23,3.08,0.0
G0595,24,3.12,0.0
G0596,1,11.52,0.0
G0596,2,11.424,0.0
G0596,3,11.232,0.0
G0596,4,10.752,0.0
G0596,5,10.272,0.0
G0596,6,9.264,0.0
G0596,7,8.352,0.0
G0596,8,7.584,0.0
G0596,9,7.92,0.0
G0596,10,8.784,0.0
G0596,11,7.776,0.0
G0596,12,8.928,0.0
G0596,13,9.888,0.0
G0596,14,11.232,0.0
G0596,15,12.096,0.0
G0596,16,12.48,0.0
G0596,17,12.624,0.0
G0596,18,12.672,0.0
G0596,19,11.856,0.0
G0596,20,10.704,0.0
G0596,21,9.456,0.0
G0596,22,8.352,0.0
G0596,23,7.3919999999999995,0.0
G0596,24,7.4879999999999995,0.0
G0597,1,25.2,0.0
G0597,2,24.99,0.0
G0597,3,24.57,0.0
G0597,4,23.52,0.0
G0597,5,22.47,0.0
G0597,6,20.265,0.0
G0597,7,18.27,0.0
G0597,8,16.59,0.0
G0597,9,17.325,0.0
G0597,10,19.215,0.0
G0597,11,17.01,0.0
G0597,12,19.53,0.0
G0597,13,21.63,0.0
G0597,14,24.57,0.0
G0597,15,26.46,0.0
G0597,16,27.3,0.0
G0597,17,27.615000000000002,0.0
G0597,18,27.720000000000002,0.0
G0597,19,25.935,0.0
G0597,20,23.415,0.0
G0597,21,20.685,0.0
G0597,22,18.27,0.0
G0597,23,16.17,0.0
G0597,24,16.38,0.0
G0598,1,12.0,0.0
G0598,2,11.9,0.0
G0598,3,11.7,0.0
G0598,4,11.2,0.0
G0598,5,10.7,0.0
G0598,6,9.65,0.0
G0598,7,8.7,0.0
G0598,8,7.9,0.0
G0598,9,8.25,0.0
G0598,10,9.15,0.0
G0598,11,8.1,0.0
G0598,12,9.3,0.0
G0598,13,10.3,0.0
G0598,14,11.7,0.0
G0598,15,12.6,0.0
G0598,16,13.0,0.0
G0598,17,13.15,0.0
G0598,18,13.200000000000001,0.0
G0598,19,12.35,0.0
G0598,20,11.15,0.0
G0598,21,9.85,0.0
G0598,22,8.7,0.0
G0598,23,7.7,0.0
G0598,24,7.8,0.0
G0599,1,7.44,0.0
G0599,2,7.378,0.0
G0599,3,7.254,0.0
G0599,4,6.944,0.0
G0599,5,6.634,0.0
G0599,6,5.983,0.0
G0599,7,5.394,0.0
G0599,8,4.898,0.0
G0599,9,5.115,0.0
G0599,10,5.673,0.0
G0599,11,5.022,0.0
G0599,12,5.766,0.0
G0599,13,6.386,0.0
G0599,14,7.254,0.0
G0599,15,7.812,0.0
G0599,16,8.06,0.0
G0599,17,8.153,0.0
G0599,18,8.184,0.0
G0599,19,7.657,0.0
G0599,20,6.913,0.0
G0599,21,6.107,0.0
G0599,22,5.394,0.0
G0599,23,4.774,0.0
G0599,24,4.836,0.0
G0600,1,36.696,0.0
G0600,2,36.3902,0.0
G0600,3,35.7786,0.0
G0600,4,34.2496,0.0
G0600,5,32.7206,0.0
G0600,6,29.5097,0.0
G0600,7,26.604600000000005,0.0
G0600,8,24.1582,0.0
G0600,9,25.2285,0.0
G0600,10,27.9807,0.0
G0600,11,24.7698,0.0
G0600,12,28.4394,0.0
G0600,13,31.4974,0.0
G0600,14,35.7786,0.0
G0600,15,38.5308,0.0
G0600,16,39.754,0.0
G0600,17,40.2127,0.0
G0600,18,40.3656,0.0
G0600,19,37.7663,0.0
G0600,20,34.0967,0.0
G0600,21,30.1213,0.0
G0600,22,26.604600000000005,0.0
G0600,23,23.5466,0.0
G0600,24,23.8524,0.0
G0626,1,11.52,0.0
G0626,2,11.424,0.0
G0626,3,11.232,0.0
G0626,4,10.752,0.0
G0626,5,10.272,0.0
G0626,6,9.264,0.0
G0626,7,8.352,0.0
G0626,8,7.584,0.0
G0626,9,7.92,0.0
G0626,10,8.784,0.0
G0626,11,7.776,0.0
G0626,12,8.928,0.0
G0626,13,9.888,0.0
G0626,14,11.232,0.0
G0626,15,12.096,0.0
G0626,16,12.48,0.0
G0626,17,12.624,0.0
G0626,18,12.672,0.0
G0626,19,11.856,0.0
G0626,20,10.704,0.0
G0626,21,9.456,0.0
G0626,22,8.352,0.0
G0626,23,7.3919999999999995,0.0
G0626,24,7.4879999999999995,0.0
G0629,1,18.72,0.0
G0629,2,18.564,0.0
G0629,3,18.252,0.0
G0629,4,17.472,0.0
G0629,5,16.692,0.0
G0629,6,15.054,0.0
G0629,7,13.572,0.0
G0629,8,12.324,0.0
G0629,9,12.87,0.0
G0629,10,14.274,0.0
G0629,11,12.635999999999997,0.0
G0629,12,14.508,0.0
G0629,13,16.068,0.0
G0629,14,18.252,0.0
G0629,15,19.656,0.0
G0629,16,20.28,0.0
G0629,17,20.514,0.0
G0629,18,20.591999999999995,0.0
G0629,19,19.266,0.0
G0629,20,17.394,0.0
G0629,21,15.366000000000001,0.0
G0629,22,13.572,0.0
G0629,23,12.012,0.0
G0629,24,12.168,0.0
G0638,1,4.8,0.0
G0638,2,4.76,0.0
G0638,3,4.68,0.0
G0638,4,4.48,0.0
G0638,5,4.28,0.0
G0638,6,3.8600000000000003,0.0
G0638,7,3.4799999999999995,0.0
G0638,8,3.16,0.0
G0638,9,3.3,0.0
G0638,10,3.66,0.0
G0638,11,3.24,0.0
G0638,12,3.7199999999999998,0.0
G0638,13,4.12,0.0
G0638,14,4.68,0.0
G0638,15,5.04,0.0
G0638,16,5.2,0.0
G0638,17,5.26,0.0
G0638,18,5.28,0.0
G0638,19,4.94,0.0
G0638,20,4.46,0.0
G0638,21,3.9400000000000004,0.0
G0638,22,3.4799999999999995,0.0
G0638,23,3.08,0.0
G0638,24,3.12,0.0
G0640,1,67.2,0.0
G0640,2,66.64,0.0
G0640,3,65.52,0.0
G0640,4,62.72,0.0
G0640,5,59.92,0.0
G0640,6,54.04,0.0
G0640,7,48.72,0.0
G0640,8,44.24,0.0
G0640,9,46.2,0.0
G0640,10,51.24,0.0
G0640,11,45.36,0.0
G0640,12,52.08,0.0
G0640,13,57.68,0.0
G0640,14,65.52,0.0
G0640,15,70.56,0.0
G0640,16,72.8,0.0
G0640,17,73.64,0.0
G0640,18,73.92,0.0
G0640,19,69.16,0.0
G0640,20,62.44,0.0
G0640,21,55.16,0.0
G0640,22,48.72,0.0
G0640,23,43.12,0.0
G0640,24,43.68,0.0
G0643,1,33.6,0.0
G0643,2,33.32,0.0
G0643,3,32.76,0.0
G0643,4,31.36,0.0
G0643,5,29.96,0.0
G0643,6,27.02,0.0
G0643,7,24.36,0.0
G0643,8,22.12,0.0
G0643,9,23.1,0.0
G0643,10,25.62,0.0
G0643,11,22.68,0.0
G0643,12,26.04,0.0
G0643,13,28.84,0.0
G0643,14,32.76,0.0
G0643,15,35.28,0.0
G0643,16,36.4,0.0
G0643,17,36.82,0.0
G0643,18,36.96,0.0
G0643,19,34.58,0.0
G0643,20,31.22,0.0
G0643,21,27.58,0.0
G0643,22,24.36,0.0
G0643,23,21.56,0.0
G0643,24,21.84,0.0
G0645,1,4.56,0.0
G0645,2,4.522,0.0
G0645,3,4.446,0.0
G0645,4,4.256,0.0
G0645,5,4.066,0.0
G0645,6,3.6669999999999994,0.0
G0645,7,3.3060000000000005,0.0
G0645,8,3.0020000000000002,0.0
G0645,9,3.135,0.0
G0645,10,3.477,0.0
G0645,11,3.0780000000000003,0.0
G0645,12,3.534,0.0
G0645,13,3.914,0.0
G0645,14,4.446,0.0
G0645,15,4.788,0.0
G0645,16,4.94,0.0
G0645,17,4.997,0.0
G0645,18,5.016,0.0
G0645,19,4.693,0.0
G0645,20,4.237,0.0
G0645,21,3.7429999999999994,0.0
G0645,22,3.3060000000000005,0.0
G0645,23,2.926,0.0
G0645,24,2.964,0.0
G0646,1,13.44,0.0
G0646,2,13.328,0.0
G0646,3,13.104,0.0
G0646,4,12.544,0.0
G0646,5,11.984,0.0
G0646,6,10.808,0.0
G0646,7,9.744,0.0
G0646,8,8.848,0.0
G0646,9,9.24,0.0
G0646,10,10.248,0.0
G0646,11,9.072,0.0
G0646,12,10.416,0.0
G0646,13,11.536,0.0
G0646,14,13.104,0.0
G0646,15,14.112,0.0
G0646,16,14.56,0.0
G0646,17,14.728000000000002,0.0
G0646,18,14.784,0.0
G0646,19,13.832,0.0
G0646,20,12.488,0.0
G0646,21,11.032,0.0
G0646,22,9.744,0.0
G0646,23,8.624,0.0
G0646,24,8.736,0.0
G0648,1,3.36,0.0
G0648,2,3.332,0.0
G0648,3,3.276,0.0
G0648,4,3.136,0.0
G0648,5,2.996,0.0
G0648,6,2.702,0.0
G0648,7,2.436,0.0
G0648,8,2.212,0.0
G0648,9,2.31,0.0
G0648,10,2.562,0.0
G0648,11,2.268,0.0
G0648,12,2.604,0.0
G0648,13,2.884,0.0
G0648,14,3.276,0.0
G0648,15,3.528,0.0
G0648,16,3.64,0.0
G0648,17,3.6820000000000004,0.0
G0648,18,3.696,0.0
G0648,19,3.458,0.0
G0648,20,3.122,0.0
G0648,21,2.758,0.0
G0648,22,2.436,0.0
G0648,23,2.156,0.0
G0648,24,2.184,0.0
G0653,1,11.52,0.0
G0653,2,11.424,0.0
G0653,3,11.232,0.0
G0653,4,10.752,0.0
G0653,5,10.272,0.0
G0653,6,9.264,0.0
G0653,7,8.352,0.0
G0653,8,7.584,0.0
G0653,9,7.92,0.0
G0653,10,8.784,0.0
G0653,11,7.776,0.0
G0653,12,8.928,0.0
G0653,13,9.888,0.0
G0653,14,11.232,0.0
G0653,15,12.096,0.0
G0653,16,12.48,0.0
G0653,17,12.624,0.0
G0653,18,12.672,0.0
G0653,19,11.856,0.0
G0653,20,10.704,0.0
G0653,21,9.456,0.0
G0653,22,8.352,0.0
G0653,23,7.3919999999999995,0.0
G0653,24,7.4879999999999995,0.0
G0658,1,32.16,0.0
G0658,2,31.892,0.0
G0658,3,31.356,0.0
G0658,4,30.016,0.0
G0658,5,28.676,0.0
G0658,6,25.862,0.0
G0658,7,23.316,0.0
G0658,8,21.172,0.0
G0658,9,22.11,0.0
G0658,10,24.522,0.0
G0658,11,21.708,0.0
G0658,12,24.924,0.0
G0658,13,27.604,0.0
G0658,14,31.356,0.0
G0658,15,33.768,0.0
G0658,16,34.84,0.0
G0658,17,35.242,0.0
G0658,18,35.376,0.0
G0658,19,33.098,0.0
G0658,20,29.882,0.0
G0658,21,26.398,0.0
G0658,22,23.316,0.0
G0658,23,20.636,0.0
G0658,24,20.904,0.0
G0659,1,18.72,0.0
G0659,2,18.564,0.0
G0659,3,18.252,0.0
G0659,4,17.472,0.0
G0659,5,16.692,0.0
G0659,6,15.054,0.0
G0659,7,13.572,0.0
G0659,8,12.324,0.0
G0659,9,12.87,0.0
G0659,10,14.274,0.0
G0659,11,12.635999999999997,0.0
G0659,12,14.508,0.0
G0659,13,16.068,0.0
G0659,14,18.252,0.0
G0659,15,19.656,0.0
G0659,16,20.28,0.0
G0659,17,20.514,0.0
G0659,18,20.591999999999995,0.0
G0659,19,19.266,0.0
G0659,20,17.394,0.0
G0659,21,15.366000000000001,0.0
G0659,22,13.572,0.0
G0659,23,12.012,0.0
G0659,24,12.168,0.0
G0660,1,4.32,0.0
G0660,2,4.284,0.0
G0660,3,4.212,0.0
G0660,4,4.032,0.0
G0660,5,3.852,0.0
G0660,6,3.474,0.0
G0660,7,3.132,0.0
G0660,8,2.844,0.0
G0660,9,2.97,0.0
G0660,10,3.294,0.0
G0660,11,2.916,0.0
G0660,12,3.348,0.0
G0660,13,3.708,0.0
G0660,14,4.212,0.0
G0660,15,4.536,0.0
G0660,16,4.68,0.0
G0660,17,4.734,0.0
G0660,18,4.752000000000001,0.0
G0660,19,4.446,0.0
G0660,20,4.014,0.0
G0660,21,3.546,0.0
G0660,22,3.132,0.0
G0660,23,2.772,0.0
G0660,24,2.808,0.0
G0661,1,18.0,0.0
G0661,2,17.85,0.0
G0661,3,17.55,0.0
G0661,4,16.8,0.0
G0661,5,16.05,0.0
G0661,6,14.475,0.0
G0661,7,13.05,0.0
G0661,8,11.85,0.0
G0661,9,12.375,0.0
G0661,10,13.725,0.0
G0661,11,12.15,0.0
G0661,12,13.95,0.0
G0661,13,15.45,0.0
G0661,14,17.55,0.0
G0661,15,18.9,0.0
G0661,16,19.5,0.0
G0661,17,19.725,0.0
G0661,18,19.8,0.0
G0661,19,18.525,0.0
G0661,20,16.725,0.0
G0661,21,14.775,0.0
G0661,22,13.05,0.0
G0661,23,11.55,0.0
G0661,24,11.7,0.0
G0662,1,6.24,0.0
G0662,2,6.188,0.0
G0662,3,6.084,0.0
G0662,4,5.824,0.0
G0662,5,5.564,0.0
G0662,6,5.018,0.0
G0662,7,4.524,0.0
G0662,8,4.108,0.0
G0662,9,4.29,0.0
G0662,10,4.758,0.0
G0662,11,4.212,0.0
G0662,12,4.836,0.0
G0662,13,5.356,0.0
G0662,14,6.084,0.0
G0662,15,6.552,0.0
G0662,16,6.76,0.0
G0662,17,6.838,0.0
G0662,18,6.864000000000001,0.0
G0662,19,6.422,0.0
G0662,20,5.798,0.0
G0662,21,5.122,0.0
G0662,22,4.524,0.0
G0662,23,4.004,0.0
G0662,24,4.056,0.0
G0663,1,44.16,0.0
G0663,2,43.792,0.0
G0663,3,43.056,0.0
G0663,4,41.216,0.0
G0663,5,39.376,0.0
G0663,6,35.512,0.0
G0663,7,32.016,0.0
G0663,8,29.072,0.0
G0663,9,30.360000000000003,0.0
G0663,10,33.672,0.0
G0663,11,29.808,0.0
G0663,12,34.224,0.0
G0663,13,37.904,0.0
G0663,14,43.056,0.0
G0663,15,46.368,0.0
G0663,16,47.84,0.0
G0663,17,48.392,0.0
G0663,18,48.576,0.0
G0663,19,45.448,0.0
G0663,20,41.032,0.0
G0663,21,36.248,0.0
G0663,22,32.016,0.0
G0663,23,28.336,0.0
G0663,24,28.704,0.0
G0664,1,5.52,0.0
G0664,2,5.474,0.0
G0664,3,5.382,0.0
G0664,4,5.152,0.0
G0664,5,4.922,0.0
G0664,6,4.439,0.0
G0664,7,4.002,0.0
G0664,8,3.634,0.0
G0664,9,3.7950000000000004,0.0
G0664,10,4.209,0.0
G0664,11,3.726,0.0
G0664,12,4.278,0.0
G0664,13,4.738,0.0
G0664,14,5.382,0.0
G0664,15,5.796,0.0
G0664,16,5.98,0.0
G0664,17,6.049,0.0
G0664,18,6.072,0.0
G0664,19,5.681,0.0
G0664,20,5.129,0.0
G0664,21,4.531,0.0
G0664,22,4.002,0.0
G0664,23,3.542,0.0
G0664,24,3.588,0.0
G0666,1,60.48,0.0
G0666,2,59.976,0.0
G0666,3,58.968,0.0
G0666,4,56.448,0.0
G0666,5,53.928,0.0
G0666,6,48.636,0.0
G0666,7,43.848,0.0
G0666,8,39.816,0.0
G0666,9,41.58,0.0
G0666,10,46.116,0.0
G0666,11,40.824,0.0
G0666,12,46.872,0.0
G0666,13,51.912,0.0
G0666,14,58.968,0.0
G0666,15,63.504,0.0
G0666,16,65.52,0.0
G0666,17,66.276,0.0
G0666,18,66.528,0.0
G0666,19,62.244,0.0
G0666,20,56.196,0.0
G0666,21,49.644,0.0
G0666,22,43.848,0.0
G0666,23,38.808,0.0
G0666,24,39.312,0.0
G0668,1,11.76,0.0
G0668,2,11.662,0.0
G0668,3,11.466,0.0
G0668,4,10.976,0.0
G0668,5,10.486,0.0
G0668,6,9.457,0.0
G0668,7,8.526,0.0
G0668,8,7.742,0.0
G0668,9,8.085,0.0
G0668,10,8.967,0.0
G0668,11,7.938000000000001,0.0
G0668,12,9.114,0.0
G0668,13,10.094,0.0
G0668,14,11.466,0.0
G0668,15,12.348,0.0
G0668,16,12.74,0.0
G0668,17,12.887,0.0
G0668,18,12.936,0.0
G0668,19,12.103,0.0
G0668,20,10.927,0.0
G0668,21,9.653,0.0
G0668,22,8.526,0.0
G0668,23,7.546,0.0
G0668,24,7.644,0.0
G0670,1,10.56,0.0
G0670,2,10.472,0.0
G0670,3,10.296,0.0
G0670,4,9.856,0.0
G0670,5,9.416,0.0
G0670,6,8.492,0.0
G0670,7,7.656,0.0
G0670,8,6.952,0.0
G0670,9,7.260000000000001,0.0
G0670,10,8.052,0.0
G0670,11,7.128,0.0
G0670,12,8.184,0.0
G0670,13,9.064,0.0
G0670,14,10.296,0.0
G0670,15,11.088000000000001,0.0
G0670,16,11.440000000000001,0.0
G0670,17,11.571999999999997,0.0
G0670,18,11.616,0.0
G0670,19,10.868,0.0
G0670,20,9.812,0.0
G0670,21,8.668,0.0
G0670,22,7.656,0.0
G0670,23,6.776,0.0
G0670,24,6.864,0.0
G0675,1,7.2,0.0
G0675,2,7.14,0.0
G0675,3,7.02,0.0
G0675,4,6.72,0.0
G0675,5,6.42,0.0
G0675,6,5.79,0.0
G0675,7,5.22,0.0
G0675,8,4.74,0.0
G0675,9,4.95,0.0
G0675,10,5.49,0.0
G0675,11,4.86,0.0
G0675,12,5.58,0.0
G0675,13,6.18,0.0
G0675,14,7.02,0.0
G0675,15,7.5600000000000005,0.0
G0675,16,7.800000000000001,0.0
G0675,17,7.890000000000001,0.0
G0675,18,7.92,0.0
G0675,19,7.41,0.0
G0675,20,6.69,0.0
G0675,21,5.91,0.0
G0675,22,5.22,0.0
G0675,23,4.62,0.0
G0675,24,4.68,0.0
G0684,1,11.76,0.0
G0684,2,11.662,0.0
G0684,3,11.466,0.0
G0684,4,10.976,0.0
G0684,5,10.486,0.0
G0684,6,9.457,0.0
G0684,7,8.526,0.0
G0684,8,7.742,0.0
G0684,9,8.085,0.0
G0684,10,8.967,0.0
G0684,11,7.938000000000001,0.0
G0684,12,9.114,0.0
G0684,13,10.094,0.0
G0684,14,11.466,0.0
G0684,15,12.348,0.0
G0684,16,12.74,0.0
G0684,17,12.887,0.0
G0684,18,12.936,0.0
G0684,19,12.103,0.0
G0684,20,10.927,0.0
G0684,21,9.653,0.0
G0684,22,8.526,0.0
G0684,23,7.546,0.0
G0684,24,7.644,0.0
G0687,1,5.04,0.0
G0687,2,4.998,0.0
G0687,3,4.914,0.0
G0687,4,4.704,0.0
G0687,5,4.494,0.0
G0687,6,4.053,0.0
G0687,7,3.654,0.0
G0687,8,3.318,0.0
G0687,9,3.4649999999999994,0.0
G0687,10,3.843,0.0
G0687,11,3.402,0.0
G0687,12,3.906,0.0
G0687,13,4.326,0.0
G0687,14,4.914,0.0
G0687,15,5.292,0.0
G0687,16,5.46,0.0
G0687,17,5.523000000000001,0.0
G0687,18,5.543999999999999,0.0
G0687,19,5.187,0.0
G0687,20,4.683,0.0
G0687,21,4.137,0.0
G0687,22,3.654,0.0
G0687,23,3.234,0.0
G0687,24,3.276,0.0
G0690,1,9.6,0.0
G0690,2,9.52,0.0
G0690,3,9.36,0.0
G0690,4,8.96,0.0
G0690,5,8.56,0.0
G0690,6,7.720000000000001,0.0
G0690,7,6.959999999999999,0.0
G0690,8,6.32,0.0
G0690,9,6.6,0.0
G0690,10,7.32,0.0
G0690,11,6.48,0.0
G0690,12,7.4399999999999995,0.0
G0690,13,8.24,0.0
G0690,14,9.36,0.0
G0690,15,10.08,0.0
G0690,16,10.4,0.0
G0690,17,10.52,0.0
G0690,18,10.56,0.0
G0690,19,9.88,0.0
G0690,20,8.92,0.0
G0690,21,7.880000000000001,0.0
G0690,22,6.959999999999999,0.0
G0690,23,6.16,0.0
G0690,24,6.24,0.0
G0691,1,12.0,0.0
G0691,2,11.9,0.0
G0691,3,11.7,0.0
G0691,4,11.2,0.0
G0691,5,10.7,0.0
G0691,6,9.65,0.0
G0691,7,8.7,0.0
G0691,8,7.9,0.0
G0691,9,8.25,0.0
G0691,10,9.15,0.0
G0691,11,8.1,0.0
G0691,12,9.3,0.0
G0691,13,10.3,0.0
G0691,14,11.7,0.0
G0691,15,12.6,0.0
G0691,16,13.0,0.0
G0691,17,13.15,0.0
G0691,18,13.200000000000001,0.0
G0691,19,12.35,0.0
G0691,20,11.15,0.0
G0691,21,9.85,0.0
G0691,22,8.7,0.0
G0691,23,7.7,0.0
G0691,24,7.8,0.0
G0695,1,13.68,0.0
G0695,2,13.566,0.0
G0695,3,13.338,0.0
G0695,4,12.768,0.0
G0695,5,12.198,0.0
G0695,6,11.001,0.0
G0695,7,9.918,0.0
G0695,8,9.006,0.0
G0695,9,9.405,0.0
G0695,10,10.431,0.0
G0695,11,9.234,0.0
G0695,12,10.602,0.0
G0695,13,11.742,0.0
G0695,14,13.338,0.0
G0695,15,14.364,0.0
G0695,16,14.82,0.0
G0695,17,14.991000000000001,0.0
G0695,18,15.048,0.0
G0695,19,14.079,0.0
G0695,20,12.711,0.0
G0695,21,11.229,0.0
G0695,22,9.918,0.0
G0695,23,8.778,0.0
G0695,24,8.892,0.0
G0700,1,20.64,0.0
G0700,2,20.468,0.0
G0700,3,20.124,0.0
G0700,4,19.264,0.0
G0700,5,18.404,0.0
G0700,6,16.598,0.0
G0700,7,14.964000000000002,0.0
G0700,8,13.588000000000001,0.0
G0700,9,14.190000000000001,0.0
G0700,10,15.738,0.0
G0700,11,13.932,0.0
G0700,12,15.996,0.0
G0700,13,17.716,0.0
G0700,14,20.124,0.0
G0700,15,21.672,0.0
G0700,16,22.36,0.0
G0700,17,22.617999999999995,0.0
G0700,18,22.704,0.0
G0700,19,21.242,0.0
G0700,20,19.178,0.0
G0700,21,16.942,0.0
G0700,22,14.964000000000002,0.0
G0700,23,13.244,0.0
G0700,24,13.416,0.0
G0703,1,8.4,0.0
G0703,2,8.33,0.0
G0703,3,8.19,0.0
G0703,4,7.84,0.0
G0703,5,7.49,0.0
G0703,6,6.755,0.0
G0703,7,6.09,0.0
G0703,8,5.53,0.0
G0703,9,5.775,0.0
G0703,10,6.405,0.0
G0703,11,5.67,0.0
G0703,12,6.51,0.0
G0703,13,7.21,0.0
G0703,14,8.19,0.0
G0703,15,8.82,0.0
G0703,16,9.1,0.0
G0703,17,9.205,0.0
G0703,18,9.24,0.0
G0703,19,8.645,0.0
G0703,20,7.805,0.0
G0703,21,6.895,0.0
G0703,22,6.09,0.0
G0703,23,5.39,0.0
G0703,24,5.46,0.0
G0708,1,2.4,0.0
G0708,2,2.38,0.0
G0708,3,2.34,0.0
G0708,4,2.24,0.0
G0708,5,2.14,0.0
G0708,6,1.9300000000000002,0.0
G0708,7,1.7399999999999998,0.0
G0708,8,1.58,0.0
G0708,9,1.65,0.0
G0708,10,1.83,0.0
G0708,11,1.62,0.0
G0708,12,1.8599999999999999,0.0
G0708,13,2.06,0.0
G0708,14,2.34,0.0
G0708,15,2.52,0.0
G0708,16,2.6,0.0
G0708,17,2.63,0.0
G0708,18,2.64,0.0
G0708,19,2.47,0.0
G0708,20,2.23,0.0
G0708,21,1.9700000000000002,0.0
G0708,22,1.7399999999999998,0.0
G0708,23,1.54,0.0
G0708,24,1.56,0.0
G0710,1,22.32,0.0
G0710,2,22.134,0.0
G0710,3,21.762,0.0
G0710,4,20.832,0.0
G0710,5,19.902,0.0
G0710,6,17.949,0.0
G0710,7,16.182,0.0
G0710,8,14.694,0.0
G0710,9,15.345,0.0
G0710,10,17.019,0.0
G0710,11,15.066,0.0
G0710,12,17.298,0.0
G0710,13,19.158,0.0
G0710,14,21.762,0.0
G0710,15,23.436,0.0
G0710,16,24.18,0.0
G0710,17,24.459,0.0
G0710,18,24.552,0.0
G0710,19,22.971,0.0
G0710,20,20.739,0.0
G0710,21,18.321,0.0
G0710,22,16.182,0.0
G0710,23,14.322,0.0
G0710,24,14.508,0.0
G0711,1,17.28,0.0
G0711,2,17.136,0.0
G0711,3,16.848,0.0
G0711,4,16.128,0.0
G0711,5,15.408,0.0
G0711,6,13.896,0.0
G0711,7,12.528,0.0
G0711,8,11.376,0.0
G0711,9,11.88,0.0
G0711,10,13.176,0.0
G0711,11,11.664,0.0
G0711,12,13.392,0.0
G0711,13,14.832,0.0
G0711,14,16.848,0.0
G0711,15,18.144,0.0
G0711,16,18.72,0.0
G0711,17,18.936,0.0
G0711,18,19.008000000000003,0.0
G0711,19,17.784,0.0
G0711,20,16.056,0.0
G0711,21,14.184,0.0
G0711,22,12.528,0.0
G0711,23,11.088,0.0
G0711,24,11.232,0.0
G0713,1,26.88,0.0
G0713,2,26.656,0.0
G0713,3,26.208,0.0
G0713,4,25.088,0.0
G0713,5,23.968,0.0
G0713,6,21.616,0.0
G0713,7,19.488,0.0
G0713,8,17.696,0.0
G0713,9,18.48,0.0
G0713,10,20.496,0.0
G0713,11,18.144,0.0
G0713,12,20.832,0.0
G0713,13,23.072,0.0
G0713,14,26.208,0.0
G0713,15,28.224,0.0
G0713,16,29.12,0.0
G0713,17,29.456000000000003,0.0
G0713,18,29.568,0.0
G0713,19,27.664,0.0
G0713,20,24.976,0.0
G0713,21,22.064,0.0
G0713,22,19.488,0.0
G0713,23,17.248,0.0
G0713,24,17.472,0.0
G0715,1,18.72,0.0
G0715,2,18.564,0.0
G0715,3,18.252,0.0
G0715,4,17.472,0.0
G0715,5,16.692,0.0
G0715,6,15.054,0.0
G0715,7,13.572,0.0
G0715,8,12.324,0.0
G0715,9,12.87,0.0
G0715,10,14.274,0.0
G0715,11,12.635999999999997,0.0
G0715,12,14.508,0.0
G0715,13,16.068,0.0
G0715,14,18.252,0.0
G0715,15,19.656,0.0
G0715,16,20.28,0.0
G0715,17,20.514,0.0
G0715,18,20.591999999999995,0.0
G0715,19,19.266,0.0
G0715,20,17.394,0.0
G0715,21,15.366000000000001,0.0
G0715,22,13.572,0.0
G0715,23,12.012,0.0
G0715,24,12.168,0.0
G0717,1,3.12,0.0
G0717,2,3.094,0.0
G0717,3,3.042,0.0
G0717,4,2.912,0.0
G0717,5,2.782,0.0
G0717,6,2.509,0.0
G0717,7,2.262,0.0
G0717,8,2.054,0.0
G0717,9,2.145,0.0
G0717,10,2.379,0.0
G0717,11,2.106,0.0
G0717,12,2.418,0.0
G0717,13,2.678,0.0
G0717,14,3.042,0.0
G0717,15,3.276,0.0
G0717,16,3.38,0.0
G0717,17,3.419,0.0
G0717,18,3.4320000000000004,0.0
G0717,19,3.211,0.0
G0717,20,2.899,0.0
G0717,21,2.561,0.0
G0717,22,2.262,0.0
G0717,23,2.002,0.0
G0717,24,2.028,0.0
G0718,1,9.6,0.0
G0718,2,9.52,0.0
G0718,3,9.36,0.0
G0718,4,8.96,0.0
G0718,5,8.56,0.0
G0718,6,7.720000000000001,0.0
G0718,7,6.959999999999999,0.0
G0718,8,6.32,0.0
G0718,9,6.6,0.0
G0718,10,7.32,0.0
G0718,11,6.48,0.0
G0718,12,7.4399999999999995,0.0
G0718,13,8.24,0.0
G0718,14,9.36,0.0
G0718,15,10.08,0.0
G0718,16,10.4,0.0
G0718,17,10.52,0.0
G0718,18,10.56,0.0
G0718,19,9.88,0.0
G0718,20,8.92,0.0
G0718,21,7.880000000000001,0.0
G0718,22,6.959999999999999,0.0
G0718,23,6.16,0.0
G0718,24,6.24,0.0
G0728,1,6.72,0.0
G0728,2,6.664,0.0
G0728,3,6.552,0.0
G0728,4,6.272,0.0
G0728,5,5.992,0.0
G0728,6,5.404,0.0
G0728,7,4.872,0.0
G0728,8,4.424,0.0
G0728,9,4.62,0.0
G0728,10,5.124,0.0
G0728,11,4.536,0.0
G0728,12,5.208,0.0
G0728,13,5.768,0.0
G0728,14,6.552,0.0
G0728,15,7.056,0.0
G0728,16,7.28,0.0
G0728,17,7.364000000000001,0.0
G0728,18,7.392,0.0
G0728,19,6.916,0.0
G0728,20,6.244,0.0
G0728,21,5.516,0.0
G0728,22,4.872,0.0
G0728,23,4.312,0.0
G0728,24,4.368,0.0
G0731,1,18.0,0.0
G0731,2,17.85,0.0
G0731,3,17.55,0.0
G0731,4,16.8,0.0
G0731,5,16.05,0.0
G0731,6,14.475,0.0
G0731,7,13.05,0.0
G0731,8,11.85,0.0
G0731,9,12.375,0.0
G0731,10,13.725,0.0
G0731,11,12.15,0.0
G0731,12,13.95,0.0
G0731,13,15.45,0.0
G0731,14,17.55,0.0
G0731,15,18.9,0.0
G0731,16,19.5,0.0
G0731,17,19.725,0.0
G0731,18,19.8,0.0
G0731,19,18.525,0.0
G0731,20,16.725,0.0
G0731,21,14.775,0.0
G0731,22,13.05,0.0
G0731,23,11.55,0.0
G0731,24,11.7,0.0
G0732,1,12.0,0.0
G0732,2,11.9,0.0
G0732,3,11.7,0.0
G0732,4,11.2,0.0
G0732,5,10.7,0.0
G0732,6,9.65,0.0
G0732,7,8.7,0.0
G0732,8,7.9,0.0
G0732,9,8.25,0.0
G0732,10,9.15,0.0
G0732,11,8.1,0.0
G0732,12,9.3,0.0
G0732,13,10.3,0.0
G0732,14,11.7,0.0
G0732,15,12.6,0.0
G0732,16,13.0,0.0
G0732,17,13.15,0.0
G0732,18,13.200000000000001,0.0
G0732,19,12.35,0.0
G0732,20,11.15,0.0
G0732,21,9.85,0.0
G0732,22,8.7,0.0
G0732,23,7.7,0.0
G0732,24,7.8,0.0
G0733,1,62.88,0.0
G0733,2,62.356,0.0
G0733,3,61.30799999999999,0.0
G0733,4,58.688,0.0
G0733,5,56.068,0.0
G0733,6,50.566,0.0
G0733,7,45.588,0.0
G0733,8,41.396,0.0
G0733,9,43.23,0.0
G0733,10,47.946,0.0
G0733,11,42.444,0.0
G0733,12,48.732,0.0
G0733,13,53.972,0.0
G0733,14,61.30799999999999,0.0
G0733,15,66.024,0.0
G0733,16,68.12,0.0
G0733,17,68.906,0.0
G0733,18,69.168,0.0
G0733,19,64.714,0.0
G0733,20,58.426,0.0
G0733,21,51.614,0.0
G0733,22,45.588,0.0
G0733,23,40.348,0.0
G0733,24,40.872,0.0
G0735,1,13.68,0.0
G0735,2,13.566,0.0
G0735,3,13.338,0.0
G0735,4,12.768,0.0
G0735,5,12.198,0.0
G0735,6,11.001,0.0
G0735,7,9.918,0.0
G0735,8,9.006,0.0
G0735,9,9.405,0.0
G0735,10,10.431,0.0
G0735,11,9.234,0.0
G0735,12,10.602,0.0
G0735,13,11.742,0.0
G0735,14,13.338,0.0
G0735,15,14.364,0.0
G0735,16,14.82,0.0
G0735,17,14.991000000000001,0.0
G0735,18,15.048,0.0
G0735,19,14.079,0.0
G0735,20,12.711,0.0
G0735,21,11.229,0.0
G0735,22,9.918,0.0
G0735,23,8.778,0.0
G0735,24,8.892,0.0
G0737,1,6.24,0.0
G0737,2,6.188,0.0
G0737,3,6.084,0.0
G0737,4,5.824,0.0
G0737,5,5.564,0.0
G0737,6,5.018,0.0
G0737,7,4.524,0.0
G0737,8,4.108,0.0
G0737,9,4.29,0.0
G0737,10,4.758,0.0
G0737,11,4.212,0.0
G0737,12,4.836,0.0
G0737,13,5.356,0.0
G0737,14,6.084,0.0
G0737,15,6.552,0.0
G0737,16,6.76,0.0
G0737,17,6.838,0.0
G0737,18,6.864000000000001,0.0
G0737,19,6.422,0.0
G0737,20,5.798,0.0
G0737,21,5.122,0.0
G0737,22,4.524,0.0
G0737,23,4.004,0.0
G0737,24,4.056,0.0
G0739,1,8.88,0.0
G0739,2,8.806,0.0
G0739,3,8.658,0.0
G0739,4,8.288,0.0
G0739,5,7.918,0.0
G0739,6,7.141,0.0
G0739,7,6.438,0.0
G0739,8,5.846,0.0
G0739,9,6.105,0.0
G0739,10,6.771,0.0
G0739,11,5.994,0.0
G0739,12,6.882,0.0
G0739,13,7.622,0.0
G0739,14,8.658,0.0
G0739,15,9.324,0.0
G0739,16,9.619999999999997,0.0
G0739,17,9.731,0.0
G0739,18,9.768,0.0
G0739,19,9.139,0.0
G0739,20,8.251,0.0
G0739,21,7.289,0.0
G0739,22,6.438,0.0
G0739,23,5.6979999999999995,0.0
G0739,24,5.772,0.0
G0744,1,60.24,0.0
G0744,2,59.738,0.0
G0744,3,58.734,0.0
G0744,4,56.224,0.0
G0744,5,53.714,0.0
G0744,6,48.443,0.0
G0744,7,43.674,0.0
G0744,8,39.658,0.0
G0744,9,41.415,0.0
G0744,10,45.933,0.0
G0744,11,40.662,0.0
G0744,12,46.686,0.0
G0744,13,51.706,0.0
G0744,14,58.734,0.0
G0744,15,63.252,0.0
G0744,16,65.26,0.0
G0744,17,66.013,0.0
G0744,18,66.264,0.0
G0744,19,61.997,0.0
G0744,20,55.973,0.0
G0744,21,49.447,0.0
G0744,22,43.674,0.0
G0744,23,38.654,0.0
G0744,24,39.156,0.0
G0747,1,6.24,0.0
G0747,2,6.188,0.0
G0747,3,6.084,0.0
G0747,4,5.824,0.0
G0747,5,5.564,0.0
G0747,6,5.018,0.0
G0747,7,4.524,0.0
G0747,8,4.108,0.0
G0747,9,4.29,0.0
G0747,10,4.758,0.0
G0747,11,4.212,0.0
G0747,12,4.836,0.0
G0747,13,5.356,0.0
G0747,14,6.084,0.0
G0747,15,6.552,0.0
G0747,16,6.76,0.0
G0747,17,6.838,0.0
G0747,18,6.864000000000001,0.0
G0747,19,6.422,0.0
G0747,20,5.798,0.0
G0747,21,5.122,0.0
G0747,22,4.524,0.0
G0747,23,4.004,0.0
G0747,24,4.056,0.0
G0748,1,12.0,0.0
G0748,2,11.9,0.0
G0748,3,11.7,0.0
G0748,4,11.2,0.0
G0748,5,10.7,0.0
G0748,6,9.65,0.0
G0748,7,8.7,0.0
G0748,8,7.9,0.0
G0748,9,8.25,0.0
G0748,10,9.15,0.0
G0748,11,8.1,0.0
G0748,12,9.3,0.0
G0748,13,10.3,0.0
G0748,14,11.7,0.0
G0748,15,12.6,0.0
G0748,16,13.0,0.0
G0748,17,13.15,0.0
G0748,18,13.200000000000001,0.0
G0748,19,12.35,0.0
G0748,20,11.15,0.0
G0748,21,9.85,0.0
G0748,22,8.7,0.0
G0748,23,7.7,0.0
G0748,24,7.8,0.0
G0751,1,30.24,0.0
G0751,2,29.988,0.0
G0751,3,29.484,0.0
G0751,4,28.224,0.0
G0751,5,26.964,0.0
G0751,6,24.318,0.0
G0751,7,21.924,0.0
G0751,8,19.908,0.0
G0751,9,20.79,0.0
G0751,10,23.058,0.0
G0751,11,20.412,0.0
G0751,12,23.436,0.0
G0751,13,25.956,0.0
G0751,14,29.484,0.0
G0751,15,31.752,0.0
G0751,16,32.76,0.0
G0751,17,33.138,0.0
G0751,18,33.264,0.0
G0751,19,31.122,0.0
G0751,20,28.098,0.0
G0751,21,24.822,0.0
G0751,22,21.924,0.0
G0751,23,19.404,0.0
G0751,24,19.656,0.0
G0753,1,14.4,0.0
G0753,2,14.28,0.0
G0753,3,14.04,0.0
G0753,4,13.44,0.0
G0753,5,12.84,0.0
G0753,6,11.58,0.0
G0753,7,10.44,0.0
G0753,8,9.48,0.0
G0753,9,9.9,0.0
G0753,10,10.98,0.0
G0753,11,9.72,0.0
G0753,12,11.16,0.0
G0753,13,12.36,0.0
G0753,14,14.04,0.0
G0753,15,15.120000000000001,0.0
G0753,16,15.600000000000001,0.0
G0753,17,15.780000000000001,0.0
G0753,18,15.84,0.0
G0753,19,14.82,0.0
G0753,20,13.38,0.0
G0753,21,11.82,0.0
G0753,22,10.44,0.0
G0753,23,9.24,0.0
G0753,24,9.36,0.0
G0755,1,18.72,0.0
G0755,2,18.564,0.0
G0755,3,18.252,0.0
G0755,4,17.472,0.0
G0755,5,16.692,0.0
G0755,6,15.054,0.0
G0755,7,13.572,0.0
G0755,8,12.324,0.0
G0755,9,12.87,0.0
G0755,10,14.274,0.0
G0755,11,12.635999999999997,0.0
G0755,12,14.508,0.0
G0755,13,16.068,0.0
G0755,14,18.252,0.0
G0755,15,19.656,0.0
G0755,16,20.28,0.0
G0755,17,20.514,0.0
G0755,18,20.591999999999995,0.0
G0755,19,19.266,0.0
G0755,20,17.394,0.0
G0755,21,15.366000000000001,0.0
G0755,22,13.572,0.0
G0755,23,12.012,0.0
G0755,24,12.168,0.0
G0756,1,14.88,0.0
G0756,2,14.756,0.0
G0756,3,14.508,0.0
G0756,4,13.888,0.0
G0756,5,13.268,0.0
G0756,6,11.966,0.0
G0756,7,10.788,0.0
G0756,8,9.796,0.0
G0756,9,10.23,0.0
G0756,10,11.346,0.0
G0756,11,10.044,0.0
G0756,12,11.532,0.0
G0756,13,12.772,0.0
G0756,14,14.508,0.0
G0756,15,15.624,0.0
G0756,16,16.12,0.0
G0756,17,16.306,0.0
G0756,18,16.368,0.0
G0756,19,15.314,0.0
G0756,20,13.826,0.0
G0756,21,12.214,0.0
G0756,22,10.788,0.0
G0756,23,9.548,0.0
G0756,24,9.672,0.0
G0758,1,25.44,0.0
G0758,2,25.228,0.0
G0758,3,24.804,0.0
G0758,4,23.744,0.0
G0758,5,22.684,0.0
G0758,6,20.458,0.0
G0758,7,18.444,0.0
G0758,8,16.748,0.0
G0758,9,17.49,0.0
G0758,10,19.398,0.0
G0758,11,17.172,0.0
G0758,12,19.716,0.0
G0758,13,21.836,0.0
G0758,14,24.804,0.0
G0758,15,26.712,0.0
G0758,16,27.560000000000002,0.0
G0758,17,27.878,0.0
G0758,18,27.984,0.0
G0758,19,26.182,0.0
G0758,20,23.638,0.0
G0758,21,20.882,0.0
G0758,22,18.444,0.0
G0758,23,16.324,0.0
G0758,24,16.536,0.0
G0761,1,2.4,0.0
G0761,2,2.38,0.0
G0761,3,2.34,0.0
G0761,4,2.24,0.0
G0761,5,2.14,0.0
G0761,6,1.9300000000000002,0.0
G0761,7,1.7399999999999998,0.0
G0761,8,1.58,0.0
G0761,9,1.65,0.0
G0761,10,1.83,0.0
G0761,11,1.62,0.0
G0761,12,1.8599999999999999,0.0
G0761,13,2.06,0.0
G0761,14,2.34,0.0
G0761,15,2.52,0.0
G0761,16,2.6,0.0
G0761,17,2.63,0.0
G0761,18,2.64,0.0
G0761,19,2.47,0.0
G0761,20,2.23,0.0
G0761,21,1.9700000000000002,0.0
G0761,22,1.7399999999999998,0.0
G0761,23,1.54,0.0
G0761,24,1.56,0.0
G0762,1,47.76,0.0
G0762,2,47.362,0.0
G0762,3,46.566,0.0
G0762,4,44.576,0.0
G0762,5,42.586,0.0
G0762,6,38.407,0.0
G0762,7,34.626,0.0
G0762,8,31.442,0.0
G0762,9,32.835,0.0
G0762,10,36.417,0.0
G0762,11,32.238,0.0
G0762,12,37.014,0.0
G0762,13,40.994,0.0
G0762,14,46.566,0.0
G0762,15,50.148,0.0
G0762,16,51.74,0.0
G0762,17,52.337,0.0
G0762,18,52.536,0.0
G0762,19,49.153,0.0
G0762,20,44.377,0.0
G0762,21,39.203,0.0
G0762,22,34.626,0.0
G0762,23,30.646,0.0
G0762,24,31.044,0.0
G0765,1,29.28,0.0
G0765,2,29.036,0.0
G0765,3,28.548,0.0
G0765,4,27.328,0.0
G0765,5,26.108,0.0
G0765,6,23.546,0.0
G0765,7,21.228,0.0
G0765,8,19.276,0.0
G0765,9,20.13,0.0
G0765,10,22.326,0.0
G0765,11,19.764,0.0
G0765,12,22.692,0.0
G0765,13,25.132,0.0
G0765,14,28.548,0.0
G0765,15,30.744,0.0
G0765,16,31.720000000000002,0.0
G0765,17,32.086,0.0
G0765,18,32.208,0.0
G0765,19,30.134,0.0
G0765,20,27.206,0.0
G0765,21,24.034,0.0
G0765,22,21.228,0.0
G0765,23,18.788,0.0
G0765,24,19.032,0.0
G0771,1,17.76,0.0
G0771,2,17.612,0.0
G0771,3,17.316,0.0
G0771,4,16.576,0.0
G0771,5,15.836,0.0
G0771,6,14.282,0.0
G0771,7,12.876,0.0
G0771,8,11.692,0.0
G0771,9,12.21,0.0
G0771,10,13.542,0.0
G0771,11,11.988,0.0
G0771,12,13.764,0.0
G0771,13,15.244,0.0
G0771,14,17.316,0.0
G0771,15,18.648,0.0
G0771,16,19.239999999999995,0.0
G0771,17,19.462,0.0
G0771,18,19.536,0.0
G0771,19,18.278,0.0
G0771,20,16.502,0.0
G0771,21,14.578,0.0
G0771,22,12.876,0.0
G0771,23,11.395999999999999,0.0
G0771,24,11.544,0.0
G0773,1,32.64,0.0
G0773,2,32.368,0.0
G0773,3,31.824,0.0
G0773,4,30.464,0.0
G0773,5,29.104,0.0
G0773,6,26.248,0.0
G0773,7,23.664,0.0
G0773,8,21.488,0.0
G0773,9,22.44,0.0
G0773,10,24.888,0.0
G0773,11,22.032,0.0
G0773,12,25.296,0.0
G0773,13,28.016,0.0
G0773,14,31.824,0.0
G0773,15,34.272,0.0
G0773,16,35.36,0.0
G0773,17,35.768,0.0
G0773,18,35.904,0.0
G0773,19,33.592,0.0
G0773,20,30.328,0.0
G0773,21,26.792,0.0
G0773,22,23.664,0.0
G0773,23,20.944,0.0
G0773,24,21.216,0.0
G0777,1,5.76,0.0
G0777,2,5.712,0.0
G0777,3,5.616,0.0
G0777,4,5.376,0.0
G0777,5,5.136,0.0
G0777,6,4.632,0.0
G0777,7,4.176,0.0
G0777,8,3.792,0.0
G0777,9,3.96,0.0
G0777,10,4.392,0.0
G0777,11,3.888,0.0
G0777,12,4.464,0.0
G0777,13,4.944,0.0
G0777,14,5.616,0.0
G0777,15,6.048,0.0
G0777,16,6.24,0.0
G0777,17,6.312,0.0
G0777,18,6.336,0.0
G0777,19,5.928,0.0
G0777,20,5.352,0.0
G0777,21,4.728,0.0
G0777,22,4.176,0.0
G0777,23,3.6959999999999997,0.0
G0777,24,3.7439999999999998,0.0
G0778,1,7.2,0.0
G0778,2,7.14,0.0
G0778,3,7.02,0.0
G0778,4,6.72,0.0
G0778,5,6.42,0.0
G0778,6,5.79,0.0
G0778,7,5.22,0.0
G0778,8,4.74,0.0
G0778,9,4.95,0.0
G0778,10,5.49,0.0
G0778,11,4.86,0.0
G0778,12,5.58,0.0
G0778,13,6.18,0.0
G0778,14,7.02,0.0
G0778,15,7.5600000000000005,0.0
G0778,16,7.800000000000001,0.0
G0778,17,7.890000000000001,0.0
G0778,18,7.92,0.0
G0778,19,7.41,0.0
G0778,20,6.69,0.0
G0778,21,5.91,0.0
G0778,22,5.22,0.0
G0778,23,4.62,0.0
G0778,24,4.68,0.0
G0781,1,86.16,0.0
G0781,2,85.442,0.0
G0781,3,84.006,0.0
G0781,4,80.416,0.0
G0781,5,76.826,0.0
G0781,6,69.287,0.0
G0781,7,62.46600000000001,0.0
G0781,8,56.722,0.0
G0781,9,59.235,0.0
G0781,10,65.697,0.0
G0781,11,58.158,0.0
G0781,12,66.774,0.0
G0781,13,73.954,0.0
G0781,14,84.006,0.0
G0781,15,90.468,0.0
G0781,16,93.34,0.0
G0781,17,94.417,0.0
G0781,18,94.77600000000001,0.0
G0781,19,88.673,0.0
G0781,20,80.057,0.0
G0781,21,70.723,0.0
G0781,22,62.46600000000001,0.0
G0781,23,55.286,0.0
G0781,24,56.004,0.0
G0783,1,9.12,0.0
G0783,2,9.044,0.0
G0783,3,8.892,0.0
G0783,4,8.512,0.0
G0783,5,8.132,0.0
G0783,6,7.333999999999999,0.0
G0783,7,6.612000000000001,0.0
G0783,8,6.0040000000000004,0.0
G0783,9,6.27,0.0
G0783,10,6.954,0.0
G0783,11,6.156000000000001,0.0
G0783,12,7.068,0.0
G0783,13,7.828,0.0
G0783,14,8.892,0.0
G0783,15,9.576,0.0
G0783,16,9.88,0.0
G0783,17,9.994,0.0
G0783,18,10.032,0.0
G0783,19,9.386,0.0
G0783,20,8.474,0.0
G0783,21,7.485999999999999,0.0
G0783,22,6.612000000000001,0.0
G0783,23,5.852,0.0
G0783,24,5.928,0.0
G0784,1,13.44,0.0
G0784,2,13.328,0.0
G0784,3,13.104,0.0
G0784,4,12.544,0.0
G0784,5,11.984,0.0
G0784,6,10.808,0.0
G0784,7,9.744,0.0
G0784,8,8.848,0.0
G0784,9,9.24,0.0
G0784,10,10.248,0.0
G0784,11,9.072,0.0
G0784,12,10.416,0.0
G0784,13,11.536,0.0
G0784,14,13.104,0.0
G0784,15,14.112,0.0
G0784,16,14.56,0.0
G0784,17,14.728000000000002,0.0
G0784,18,14.784,0.0
G0784,19,13.832,0.0
G0784,20,12.488,0.0
G0784,21,11.032,0.0
G0784,22,9.744,0.0
G0784,23,8.624,0.0
G0784,24,8.736,0.0
G0786,1,6.24,0.0
G0786,2,6.188,0.0
G0786,3,6.084,0.0
G0786,4,5.824,0.0
G0786,5,5.564,0.0
G0786,6,5.018,0.0
G0786,7,4.524,0.0
G0786,8,4.108,0.0
G0786,9,4.29,0.0
G0786,10,4.758,0.0
G0786,11,4.212,0.0
G0786,12,4.836,0.0
G0786,13,5.356,0.0
G0786,14,6.084,0.0
G0786,15,6.552,0.0
G0786,16,6.76,0.0
G0786,17,6.838,0.0
G0786,18,6.864000000000001,0.0
G0786,19,6.422,0.0
G0786,20,5.798,0.0
G0786,21,5.122,0.0
G0786,22,4.524,0.0
G0786,23,4.004,0.0
G0786,24,4.056,0.0
G0792,1,17.76,0.0
G0792,2,17.612,0.0
G0792,3,17.316,0.0
G0792,4,16.576,0.0
G0792,5,15.836,0.0
G0792,6,14.282,0.0
G0792,7,12.876,0.0
G0792,8,11.692,0.0
G0792,9,12.21,0.0
G0792,10,13.542,0.0
G0792,11,11.988,0.0
G0792,12,13.764,0.0
G0792,13,15.244,0.0
G0792,14,17.316,0.0
G0792,15,18.648,0.0
G0792,16,19.239999999999995,0.0
G0792,17,19.462,0.0
G0792,18,19.536,0.0
G0792,19,18.278,0.0
G0792,20,16.502,0.0
G0792,21,14.578,0.0
G0792,22,12.876,0.0
G0792,23,11.395999999999999,0.0
G0792,24,11.544,0.0
G0794,1,13.44,0.0
G0794,2,13.328,0.0
G0794,3,13.104,0.0
G0794,4,12.544,0.0
G0794,5,11.984,0.0
G0794,6,10.808,0.0
G0794,7,9.744,0.0
G0794,8,8.848,0.0
G0794,9,9.24,0.0
G0794,10,10.248,0.0
G0794,11,9.072,0.0
G0794,12,10.416,0.0
G0794,13,11.536,0.0
G0794,14,13.104,0.0
G0794,15,14.112,0.0
G0794,16,14.56,0.0
G0794,17,14.728000000000002,0.0
G0794,18,14.784,0.0
G0794,19,13.832,0.0
G0794,20,12.488,0.0
G0794,21,11.032,0.0
G0794,22,9.744,0.0
G0794,23,8.624,0.0
G0794,24,8.736,0.0
G0798,1,19.68,0.0
G0798,2,19.516,0.0
G0798,3,19.188,0.0
G0798,4,18.368,0.0
G0798,5,17.548,0.0
G0798,6,15.826,0.0
G0798,7,14.268,0.0
G0798,8,12.956,0.0
G0798,9,13.529999999999998,0.0
G0798,10,15.006,0.0
G0798,11,13.284,0.0
G0798,12,15.252,0.0
G0798,13,16.892,0.0
G0798,14,19.188,0.0
G0798,15,20.664,0.0
G0798,16,21.32,0.0
G0798,17,21.566000000000003,0.0
G0798,18,21.648,0.0
G0798,19,20.254,0.0
G0798,20,18.286,0.0
G0798,21,16.154,0.0
G0798,22,14.268,0.0
G0798,23,12.628,0.0
G0798,24,12.792,0.0
G0800,1,28.32,0.0
G0800,2,28.084,0.0
G0800,3,27.612,0.0
G0800,4,26.432,0.0
G0800,5,25.252,0.0
G0800,6,22.774,0.0
G0800,7,20.532,0.0
G0800,8,18.644,0.0
G0800,9,19.47,0.0
G0800,10,21.594,0.0
G0800,11,19.116,0.0
G0800,12,21.948,0.0
G0800,13,24.308,0.0
G0800,14,27.612,0.0
G0800,15,29.736,0.0
G0800,16,30.68,0.0
G0800,17,31.034000000000002,0.0
G0800,18,31.152,0.0
G0800,19,29.146,0.0
G0800,20,26.314,0.0
G0800,21,23.246,0.0
G0800,22,20.532,0.0
G0800,23,18.172,0.0
G0800,24,18.408,0.0
G0801,1,16.8,0.0
G0801,2,16.66,0.0
G0801,3,16.38,0.0
G0801,4,15.68,0.0
G0801,5,14.98,0.0
G0801,6,13.51,0.0
G0801,7,12.18,0.0
G0801,8,11.06,0.0
G0801,9,11.55,0.0
G0801,10,12.81,0.0
G0801,11,11.34,0.0
G0801,12,13.02,0.0
G0801,13,14.42,0.0
G0801,14,16.38,0.0
G0801,15,17.64,0.0
G0801,16,18.2,0.0
G0801,17,18.41,0.0
G0801,18,18.48,0.0
G0801,19,17.29,0.0
G0801,20,15.61,0.0
G0801,21,13.79,0.0
G0801,22,12.18,0.0
G0801,23,10.78,0.0
G0801,24,10.92,0.0
G0804,1,41.52,0.0
G0804,2,41.174,0.0
G0804,3,40.482,0.0
G0804,4,38.752,0.0
G0804,5,37.022,0.0
G0804,6,33.389,0.0
G0804,7,30.101999999999997,0.0
G0804,8,27.334,0.0
G0804,9,28.545,0.0
G0804,10,31.659,0.0
G0804,11,28.026,0.0
G0804,12,32.178,0.0
G0804,13,35.638,0.0
G0804,14,40.482,0.0
G0804,15,43.596000000000004,0.0
G0804,16,44.980000000000004,0.0
G0804,17,45.499,0.0
G0804,18,45.67199999999999,0.0
G0804,19,42.731,0.0
G0804,20,38.579,0.0
G0804,21,34.081,0.0
G0804,22,30.101999999999997,0.0
G0804,23,26.642,0.0
G0804,24,26.988,0.0
G0805,1,4.56,0.0
G0805,2,4.522,0.0
G0805,3,4.446,0.0
G0805,4,4.256,0.0
G0805,5,4.066,0.0
G0805,6,3.6669999999999994,0.0
G0805,7,3.3060000000000005,0.0
G0805,8,3.0020000000000002,0.0
G0805,9,3.135,0.0
G0805,10,3.477,0.0
G0805,11,3.0780000000000003,0.0
G0805,12,3.534,0.0
G0805,13,3.914,0.0
G0805,14,4.446,0.0
G0805,15,4.788,0.0
G0805,16,4.94,0.0
G0805,17,4.997,0.0
G0805,18,5.016,0.0
G0805,19,4.693,0.0
G0805,20,4.237,0.0
G0805,21,3.7429999999999994,0.0
G0805,22,3.3060000000000005,0.0
G0805,23,2.926,0.0
G0805,24,2.964,0.0
G0807,1,27.6,0.0
G0807,2,27.37,0.0
G0807,3,26.91,0.0
G0807,4,25.76,0.0
G0807,5,24.61,0.0
G0807,6,22.195,0.0
G0807,7,20.01,0.0
G0807,8,18.17,0.0
G0807,9,18.975,0.0
G0807,10,21.045,0.0
G0807,11,18.63,0.0
G0807,12,21.39,0.0
G0807,13,23.69,0.0
G0807,14,26.91,0.0
G0807,15,28.98,0.0
G0807,16,29.900000000000002,0.0
G0807,17,30.245,0.0
G0807,18,30.360000000000003,0.0
G0807,19,28.405,0.0
G0807,20,25.645,0.0
G0807,21,22.655,0.0
G0807,22,20.01,0.0
G0807,23,17.71,0.0
G0807,24,17.94,0.0
G0809,1,14.88,0.0
G0809,2,14.756,0.0
G0809,3,14.508,0.0
G0809,4,13.888,0.0
G0809,5,13.268,0.0
G0809,6,11.966,0.0
G0809,7,10.788,0.0
G0809,8,9.796,0.0
G0809,9,10.23,0.0
G0809,10,11.346,0.0
G0809,11,10.044,0.0
G0809,12,11.532,0.0
G0809,13,12.772,0.0
G0809,14,14.508,0.0
G0809,15,15.624,0.0
G0809,16,16.12,0.0
G0809,17,16.306,0.0
G0809,18,16.368,0.0
G0809,19,15.314,0.0
G0809,20,13.826,0.0
G0809,21,12.214,0.0
G0809,22,10.788,0.0
G0809,23,9.548,0.0
G0809,24,9.672,0.0
G0811,1,39.6,0.0
G0811,2,39.27,0.0
G0811,3,38.61,0.0
G0811,4,36.96,0.0
G0811,5,35.31,0.0
G0811,6,31.845000000000002,0.0
G0811,7,28.71,0.0
G0811,8,26.07,0.0
G0811,9,27.225,0.0
G0811,10,30.195,0.0
G0811,11,26.73,0.0
G0811,12,30.69,0.0
G0811,13,33.99,0.0
G0811,14,38.61,0.0
G0811,15,41.58,0.0
G0811,16,42.9,0.0
G0811,17,43.395,0.0
G0811,18,43.56,0.0
G0811,19,40.755,0.0
G0811,20,36.795,0.0
G0811,21,32.505,0.0
G0811,22,28.71,0.0
G0811,23,25.41,0.0
G0811,24,25.74,0.0
G0812,1,57.648,0.0
G0812,2,57.1676,0.0
G0812,3,56.2068,0.0
G0812,4,53.8048,0.0
G0812,5,51.4028,0.0
G0812,6,46.3586,0.0
G0812,7,41.7948,0.0
G0812,8,37.9516,0.0
G0812,9,39.633,0.0
G0812,10,43.9566,0.0
G0812,11,38.9124,0.0
G0812,12,44.6772,0.0
G0812,13,49.4812,0.0
G0812,14,56.2068,0.0
G0812,15,60.5304,0.0
G0812,16,62.452,0.0
G0812,17,63.1726,0.0
G0812,18,63.4128,0.0
G0812,19,59.3294,0.0
G0812,20,53.5646,0.0
G0812,21,47.3194,0.0
G0812,22,41.7948,0.0
G0812,23,36.9908,0.0
G0812,24,37.4712,0.0
G0815,1,6.0,0.0
G0815,2,5.95,0.0
G0815,3,5.85,0.0
G0815,4,5.6,0.0
G0815,5,5.35,0.0
G0815,6,4.825,0.0
G0815,7,4.35,0.0
G0815,8,3.95,0.0
G0815,9,4.125,0.0
G0815,10,4.575,0.0
G0815,11,4.05,0.0
G0815,12,4.65,0.0
G0815,13,5.15,0.0
G0815,14,5.85,0.0
G0815,15,6.3,0.0
G0815,16,6.5,0.0
G0815,17,6.575,0.0
G0815,18,6.6000000000000005,0.0
G0815,19,6.175,0.0
G0815,20,5.575,0.0
G0815,21,4.925,0.0
G0815,22,4.35,0.0
G0815,23,3.85,0.0
G0815,24,3.9,0.0
G0816,1,31.92,0.0
G0816,2,31.654,0.0
G0816,3,31.122,0.0
G0816,4,29.792,0.0
G0816,5,28.462,0.0
G0816,6,25.669,0.0
G0816,7,23.142,0.0
G0816,8,21.014,0.0
G0816,9,21.945,0.0
G0816,10,24.339,0.0
G0816,11,21.546,0.0
G0816,12,24.738,0.0
G0816,13,27.398,0.0
G0816,14,31.122,0.0
G0816,15,33.516,0.0
G0816,16,34.58,0.0
G0816,17,34.979,0.0
G0816,18,35.112,0.0
G0816,19,32.851,0.0
G0816,20,29.659,0.0
G0816,21,26.201,0.0
G0816,22,23.142,0.0
G0816,23,20.482,0.0
G0816,24,20.748,0.0
G0823,1,18.24,0.0
G0823,2,18.088,0.0
G0823,3,17.784,0.0
G0823,4,17.024,0.0
G0823,5,16.264,0.0
G0823,6,14.667999999999997,0.0
G0823,7,13.224000000000002,0.0
G0823,8,12.008000000000001,0.0
G0823,9,12.54,0.0
G0823,10,13.908,0.0
G0823,11,12.312000000000001,0.0
G0823,12,14.136,0.0
G0823,13,15.656,0.0
G0823,14,17.784,0.0
G0823,15,19.152,0.0
G0823,16,19.76,0.0
G0823,17,19.988,0.0
G0823,18,20.064,0.0
G0823,19,18.772,0.0
G0823,20,16.948,0.0
G0823,21,14.971999999999998,0.0
G0823,22,13.224000000000002,0.0
G0823,23,11.704,0.0
G0823,24,11.856,0.0
G0832,1,8.4,0.0
G0832,2,8.33,0.0
G0832,3,8.19,0.0
G0832,4,7.84,0.0
G0832,5,7.49,0.0
G0832,6,6.755,0.0
G0832,7,6.09,0.0
G0832,8,5.53,0.0
G0832,9,5.775,0.0
G0832,10,6.405,0.0
G0832,11,5.67,0.0
G0832,12,6.51,0.0
G0832,13,7.21,0.0
G0832,14,8.19,0.0
G0832,15,8.82,0.0
G0832,16,9.1,0.0
G0832,17,9.205,0.0
G0832,18,9.24,0.0
G0832,19,8.645,0.0
G0832,20,7.805,0.0
G0832,21,6.895,0.0
G0832,22,6.09,0.0
G0832,23,5.39,0.0
G0832,24,5.46,0.0
G0833,1,20.88,0.0
G0833,2,20.706,0.0
G0833,3,20.358,0.0
G0833,4,19.488,0.0
G0833,5,18.618,0.0
G0833,6,16.791,0.0
G0833,7,15.137999999999998,0.0
G0833,8,13.746,0.0
G0833,9,14.355,0.0
G0833,10,15.921,0.0
G0833,11,14.094000000000001,0.0
G0833,12,16.182,0.0
G0833,13,17.922,0.0
G0833,14,20.358,0.0
G0833,15,21.924,0.0
G0833,16,22.62,0.0
G0833,17,22.881,0.0
G0833,18,22.968,0.0
G0833,19,21.489,0.0
G0833,20,19.401,0.0
G0833,21,17.139,0.0
G0833,22,15.137999999999998,0.0
G0833,23,13.398,0.0
G0833,24,13.572,0.0
G0834,1,34.56,0.0
G0834,2,34.272,0.0
G0834,3,33.696,0.0
G0834,4,32.256,0.0
G0834,5,30.816,0.0
G0834,6,27.792,0.0
G0834,7,25.056,0.0
G0834,8,22.752,0.0
G0834,9,23.76,0.0
G0834,10,26.352,0.0
G0834,11,23.328,0.0
G0834,12,26.784,0.0
G0834,13,29.664,0.0
G0834,14,33.696,0.0
G0834,15,36.288,0.0
G0834,16,37.44,0.0
G0834,17,37.872,0.0
G0834,18,38.016000000000005,0.0
G0834,19,35.568,0.0
G0834,20,32.112,0.0
G0834,21,28.368,0.0
G0834,22,25.056,0.0
G0834,23,22.176,0.0
G0834,24,22.464,0.0
G0838,1,61.44,0.0
G0838,2,60.928,0.0
G0838,3,59.904,0.0
G0838,4,57.344,0.0
G0838,5,54.784,0.0
G0838,6,49.408,0.0
G0838,7,44.544,0.0
G0838,8,40.448,0.0
G0838,9,42.24,0.0
G0838,10,46.848,0.0
G0838,11,41.472,0.0
G0838,12,47.616,0.0
G0838,13,52.736,0.0
G0838,14,59.904,0.0
G0838,15,64.512,0.0
G0838,16,66.56,0.0
G0838,17,67.328,0.0
G0838,18,67.584,0.0
G0838,19,63.232,0.0
G0838,20,57.088,0.0
G0838,21,50.432,0.0
G0838,22,44.544,0.0
G0838,23,39.424,0.0
G0838,24,39.936,0.0
G0840,1,6.24,0.0
G0840,2,6.188,0.0
G0840,3,6.084,0.0
G0840,4,5.824,0.0
G0840,5,5.564,0.0
G0840,6,5.018,0.0
G0840,7,4.524,0.0
G0840,8,4.108,0.0
G0840,9,4.29,0.0
G0840,10,4.758,0.0
G0840,11,4.212,0.0
G0840,12,4.836,0.0
G0840,13,5.356,0.0
G0840,14,6.084,0.0
G0840,15,6.552,0.0
G0840,16,6.76,0.0
G0840,17,6.838,0.0
G0840,18,6.864000000000001,0.0
G0840,19,6.422,0.0
G0840,20,5.798,0.0
G0840,21,5.122,0.0
G0840,22,4.524,0.0
G0840,23,4.004,0.0
G0840,24,4.056,0.0
G0843,1,2.88,0.0
G0843,2,2.856,0.0
G0843,3,2.808,0.0
G0843,4,2.688,0.0
G0843,5,2.568,0.0
G0843,6,2.316,0.0
G0843,7,2.088,0.0
G0843,8,1.896,0.0
G0843,9,1.98,0.0
G0843,10,2.196,0.0
G0843,11,1.944,0.0
G0843,12,2.232,0.0
G0843,13,2.472,0.0
G0843,14,2.808,0.0
G0843,15,3.024,0.0
G0843,16,3.12,0.0
G0843,17,3.156,0.0
G0843,18,3.168,0.0
G0843,19,2.964,0.0
G0843,20,2.676,0.0
G0843,21,2.364,0.0
G0843,22,2.088,0.0
G0843,23,1.8479999999999999,0.0
G0843,24,1.8719999999999999,0.0
G0848,1,30.72,0.0
G0848,2,30.464,0.0
G0848,3,29.952,0.0
G0848,4,28.672,0.0
G0848,5,27.392,0.0
G0848,6,24.704,0.0
G0848,7,22.272,0.0
G0848,8,20.224,0.0
G0848,9,21.12,0.0
G0848,10,23.424,0.0
G0848,11,20.736,0.0
G0848,12,23.808,0.0
G0848,13,26.368,0.0
G0848,14,29.952,0.0
G0848,15,32.256,0.0
G0848,16,33.28,0.0
G0848,17,33.664,0.0
G0848,18,33.792,0.0
G0848,19,31.616,0.0
G0848,20,28.544,0.0
G0848,21,25.216,0.0
G0848,22,22.272,0.0
G0848,23,19.712,0.0
G0848,24,19.968,0.0
G0852,1,25.2,0.0
G0852,2,24.99,0.0
G0852,3,24.57,0.0
G0852,4,23.52,0.0
G0852,5,22.47,0.0
G0852,6,20.265,0.0
G0852,7,18.27,0.0
G0852,8,16.59,0.0
G0852,9,17.325,0.0
G0852,10,19.215,0.0
G0852,11,17.01,0.0
G0852,12,19.53,0.0
G0852,13,21.63,0.0
G0852,14,24.57,0.0
G0852,15,26.46,0.0
G0852,16,27.3,0.0
G0852,17,27.615000000000002,0.0
G0852,18,27.720000000000002,0.0
G0852,19,25.935,0.0
G0852,20,23.415,0.0
G0852,21,20.685,0.0
G0852,22,18.27,0.0
G0852,23,16.17,0.0
G0852,24,16.38,0.0
G0855,1,48.0,0.0
G0855,2,47.6,0.0
G0855,3,46.8,0.0
G0855,4,44.8,0.0
G0855,5,42.8,0.0
G0855,6,38.6,0.0
G0855,7,34.8,0.0
G0855,8,31.6,0.0
G0855,9,33.0,0.0
G0855,10,36.6,0.0
G0855,11,32.4,0.0
G0855,12,37.2,0.0
G0855,13,41.2,0.0
G0855,14,46.8,0.0
G0855,15,50.4,0.0
G0855,16,52.0,0.0
G0855,17,52.6,0.0
G0855,18,52.800000000000004,0.0
G0855,19,49.4,0.0
G0855,20,44.6,0.0
G0855,21,39.4,0.0
G0855,22,34.8,0.0
G0855,23,30.8,0.0
G0855,24,31.2,0.0
G0857,1,29.52,0.0
G0857,2,29.274,0.0
G0857,3,28.782,0.0
G0857,4,27.552,0.0
G0857,5,26.322,0.0
G0857,6,23.739,0.0
G0857,7,21.402,0.0
G0857,8,19.434,0.0
G0857,9,20.295,0.0
G0857,10,22.509,0.0
G0857,11,19.926,0.0
G0857,12,22.878,0.0
G0857,13,25.338,0.0
G0857,14,28.782,0.0
G0857,15,30.996,0.0
G0857,16,31.98,0.0
G0857,17,32.349,0.0
G0857,18,32.472,0.0
G0857,19,30.381,0.0
G0857,20,27.429,0.0
G0857,21,24.231,0.0
G0857,22,21.402,0.0
G0857,23,18.942,0.0
G0857,24,19.188,0.0
G0867,1,28.08,0.0
G0867,2,27.846,0.0
G0867,3,27.378,0.0
G0867,4,26.208,0.0
G0867,5,25.038,0.0
G0867,6,22.581,0.0
G0867,7,20.358,0.0
G0867,8,18.486,0.0
G0867,9,19.305,0.0
G0867,10,21.411,0.0
G0867,11,18.954,0.0
G0867,12,21.762,0.0
G0867,13,24.102,0.0
G0867,14,27.378,0.0
G0867,15,29.484,0.0
G0867,16,30.42,0.0
G0867,17,30.771,0.0
G0867,18,30.888,0.0
G0867,19,28.899,0.0
G0867,20,26.091,0.0
G0867,21,23.049,0.0
G0867,22,20.358,0.0
G0867,23,18.018,0.0
G0867,24,18.252,0.0
G0868,1,26.4,0.0
G0868,2,26.18,0.0
G0868,3,25.74,0.0
G0868,4,24.64,0.0
G0868,5,23.54,0.0
G0868,6,21.23,0.0
G0868,7,19.14,0.0
G0868,8,17.38,0.0
G0868,9,18.15,0.0
G0868,10,20.13,0.0
G0868,11,17.82,0.0
G0868,12,20.46,0.0
G0868,13,22.66,0.0
G0868,14,25.74,0.0
G0868,15,27.72,0.0
G0868,16,28.6,0.0
G0868,17,28.93,0.0
G0868,18,29.040000000000003,0.0
G0868,19,27.17,0.0
G0868,20,24.53,0.0
G0868,21,21.67,0.0
G0868,22,19.14,0.0
G0868,23,16.94,0.0
G0868,24,17.16,0.0
G0869,1,27.36,0.0
G0869,2,27.132,0.0
G0869,3,26.676,0.0
G0869,4,25.536,0.0
G0869,5,24.396,0.0
G0869,6,22.002,0.0
G0869,7,19.836,0.0
G0869,8,18.012,0.0
G0869,9,18.81,0.0
G0869,10,20.862,0.0
G0869,11,18.468,0.0
G0869,12,21.204,0.0
G0869,13,23.484,0.0
G0869,14,26.676,0.0
G0869,15,28.728,0.0
G0869,16,29.64,0.0
G0869,17,29.982000000000003,0.0
G0869,18,30.096,0.0
G0869,19,28.158,0.0
G0869,20,25.422,0.0
G0869,21,22.458,0.0
G0869,22,19.836,0.0
G0869,23,17.556,0.0
G0869,24,17.784,0.0
G0870,1,64.8,0.0
G0870,2,64.26,0.0
G0870,3,63.17999999999999,0.0
G0870,4,60.48,0.0
G0870,5,57.78,0.0
G0870,6,52.11,0.0
G0870,7,46.98,0.0
G0870,8,42.65999999999999,0.0
G0870,9,44.55,0.0
G0870,10,49.41,0.0
G0870,11,43.74,0.0
G0870,12,50.22,0.0
G0870,13,55.62,0.0
G0870,14,63.17999999999999,0.0
G0870,15,68.04,0.0
G0870,16,70.2,0.0
G0870,17,71.01,0.0
G0870,18,71.28,0.0
G0870,19,66.69,0.0
G0870,20,60.21,0.0
G0870,21,53.19,0.0
G0870,22,46.98,0.0
G0870,23,41.58,0.0
G0870,24,42.12,0.0
G0875,1,4.32,0.0
G0875,2,4.284,0.0
G0875,3,4.212,0.0
G0875,4,4.032,0.0
G0875,5,3.852,0.0
G0875,6,3.474,0.0
G0875,7,3.132,0.0
G0875,8,2.844,0.0
G0875,9,2.97,0.0
G0875,10,3.294,0.0
G0875,11,2.916,0.0
G0875,12,3.348,0.0
G0875,13,3.708,0.0
G0875,14,4.212,0.0
G0875,15,4.536,0.0
G0875,16,4.68,0.0
G0875,17,4.734,0.0
G0875,18,4.752000000000001,0.0
G0875,19,4.446,0.0
G0875,20,4.014,0.0
G0875,21,3.546,0.0
G0875,22,3.132,0.0
G0875,23,2.772,0.0
G0875,24,2.808,0.0
G0880,1,4.8,0.0
G0880,2,4.76,0.0
G0880,3,4.68,0.0
G0880,4,4.48,0.0
G0880,5,4.28,0.0
G0880,6,3.8600000000000003,0.0
G0880,7,3.4799999999999995,0.0
G0880,8,3.16,0.0
G0880,9,3.3,0.0
G0880,10,3.66,0.0
G0880,11,3.24,0.0
G0880,12,3.7199999999999998,0.0
G0880,13,4.12,0.0
G0880,14,4.68,0.0
G0880,15,5.04,0.0
G0880,16,5.2,0.0
G0880,17,5.26,0.0
G0880,18,5.28,0.0
G0880,19,4.94,0.0
G0880,20,4.46,0.0
G0880,21,3.9400000000000004,0.0
G0880,22,3.4799999999999995,0.0
G0880,23,3.08,0.0
G0880,24,3.12,0.0
G0885,1,20.4,0.0
G0885,2,20.23,0.0
G0885,3,19.89,0.0
G0885,4,19.04,0.0
G0885,5,18.19,0.0
G0885,6,16.405,0.0
G0885,7,14.79,0.0
G0885,8,13.43,0.0
G0885,9,14.025,0.0
G0885,10,15.555,0.0
G0885,11,13.77,0.0
G0885,12,15.81,0.0
G0885,13,17.51,0.0
G0885,14,19.89,0.0
G0885,15,21.42,0.0
G0885,16,22.1,0.0
G0885,17,22.355,0.0
G0885,18,22.44,0.0
G0885,19,20.995,0.0
G0885,20,18.955,0.0
G0885,21,16.745,0.0
G0885,22,14.79,0.0
G0885,23,13.09,0.0
G0885,24,13.26,0.0
G0887,1,28.32,0.0
G0887,2,28.084,0.0
G0887,3,27.612,0.0
G0887,4,26.432,0.0
G0887,5,25.252,0.0
G0887,6,22.774,0.0
G0887,7,20.532,0.0
G0887,8,18.644,0.0
G0887,9,19.47,0.0
G0887,10,21.594,0.0
G0887,11,19.116,0.0
G0887,12,21.948,0.0
G0887,13,24.308,0.0
G0887,14,27.612,0.0
G0887,15,29.736,0.0
G0887,16,30.68,0.0
G0887,17,31.034000000000002,0.0
G0887,18,31.152,0.0
G0887,19,29.146,0.0
G0887,20,26.314,0.0
G0887,21,23.246,0.0
G0887,22,20.532,0.0
G0887,23,18.172,0.0
G0887,24,18.408,0.0
G0888,1,16.08,0.0
G0888,2,15.946,0.0
G0888,3,15.678,0.0
G0888,4,15.008,0.0
G0888,5,14.338,0.0
G0888,6,12.931,0.0
G0888,7,11.658,0.0
G0888,8,10.586,0.0
G0888,9,11.055,0.0
G0888,10,12.261,0.0
G0888,11,10.854,0.0
G0888,12,12.462,0.0
G0888,13,13.802,0.0
G0888,14,15.678,0.0
G0888,15,16.884,0.0
G0888,16,17.42,0.0
G0888,17,17.621,0.0
G0888,18,17.688,0.0
G0888,19,16.549,0.0
G0888,20,14.941,0.0
G0888,21,13.199,0.0
G0888,22,11.658,0.0
G0888,23,10.318,0.0
G0888,24,10.452,0.0
G0890,1,25.2,0.0
G0890,2,24.99,0.0
G0890,3,24.57,0.0
G0890,4,23.52,0.0
G0890,5,22.47,0.0
G0890,6,20.265,0.0
G0890,7,18.27,0.0
G0890,8,16.59,0.0
G0890,9,17.325,0.0
G0890,10,19.215,0.0
G0890,11,17.01,0.0
G0890,12,19.53,0.0
G0890,13,21.63,0.0
G0890,14,24.57,0.0
G0890,15,26.46,0.0
G0890,16,27.3,0.0
G0890,17,27.615000000000002,0.0
G0890,18,27.720000000000002,0.0
G0890,19,25.935,0.0
G0890,20,23.415,0.0
G0890,21,20.685,0.0
G0890,22,18.27,0.0
G0890,23,16.17,0.0
G0890,24,16.38,0.0
G0891,1,12.72,0.0
G0891,2,12.614,0.0
G0891,3,12.402,0.0
G0891,4,11.872,0.0
G0891,5,11.342,0.0
G0891,6,10.229,0.0
G0891,7,9.222,0.0
G0891,8,8.374,0.0
G0891,9,8.745,0.0
G0891,10,9.699,0.0
G0891,11,8.586,0.0
G0891,12,9.858,0.0
G0891,13,10.918,0.0
G0891,14,12.402,0.0
G0891,15,13.356,0.0
G0891,16,13.780000000000001,0.0
G0891,17,13.939,0.0
G0891,18,13.992,0.0
G0891,19,13.091,0.0
G0891,20,11.819,0.0
G0891,21,10.441,0.0
G0891,22,9.222,0.0
G0891,23,8.162,0.0
G0891,24,8.268,0.0
G0893,1,9.6,0.0
G0893,2,9.52,0.0
G0893,3,9.36,0.0
G0893,4,8.96,0.0
G0893,5,8.56,0.0
G0893,6,7.720000000000001,0.0
G0893,7,6.959999999999999,0.0
G0893,8,6.32,0.0
G0893,9,6.6,0.0
G0893,10,7.32,0.0
G0893,11,6.48,0.0
G0893,12,7.4399999999999995,0.0
G0893,13,8.24,0.0
G0893,14,9.36,0.0
G0893,15,10.08,0.0
G0893,16,10.4,0.0
G0893,17,10.52,0.0
G0893,18,10.56,0.0
G0893,19,9.88,0.0
G0893,20,8.92,0.0
G0893,21,7.880000000000001,0.0
G0893,22,6.959999999999999,0.0
G0893,23,6.16,0.0
G0893,24,6.24,0.0
G0898,1,62.64,0.0
G0898,2,62.118,0.0
G0898,3,61.074,0.0
G0898,4,58.464,0.0
G0898,5,55.854,0.0
G0898,6,50.373,0.0
G0898,7,45.414,0.0
G0898,8,41.238,0.0
G0898,9,43.065,0.0
G0898,10,47.763,0.0
G0898,11,42.282,0.0
G0898,12,48.546,0.0
G0898,13,53.766,0.0
G0898,14,61.074,0.0
G0898,15,65.772,0.0
G0898,16,67.86,0.0
G0898,17,68.643,0.0
G0898,18,68.904,0.0
G0898,19,64.467,0.0
G0898,20,58.203,0.0
G0898,21,51.417,0.0
G0898,22,45.414,0.0
G0898,23,40.194,0.0
G0898,24,40.716,0.0
G0900,1,21.84,0.0
G0900,2,21.658,0.0
G0900,3,21.294,0.0
G0900,4,20.384,0.0
G0900,5,19.474,0.0
G0900,6,17.563,0.0
G0900,7,15.834,0.0
G0900,8,14.378,0.0
G0900,9,15.015,0.0
G0900,10,16.653,0.0
G0900,11,14.742,0.0
G0900,12,16.926,0.0
G0900,13,18.746,0.0
G0900,14,21.294,0.0
G0900,15,22.932,0.0
G0900,16,23.66,0.0
G0900,17,23.933,0.0
G0900,18,24.024,0.0
G0900,19,22.477,0.0
G0900,20,20.293,0.0
G0900,21,17.927,0.0
G0900,22,15.834,0.0
G0900,23,14.014,0.0
G0900,24,14.196,0.0
G0901,1,7.92,0.0
G0901,2,7.853999999999999,0.0
G0901,3,7.722,0.0
G0901,4,7.392,0.0
G0901,5,7.062,0.0
G0901,6,6.369,0.0
G0901,7,5.742,0.0
G0901,8,5.214,0.0
G0901,9,5.445,0.0
G0901,10,6.039,0.0
G0901,11,5.346,0.0
G0901,12,6.138,0.0
G0901,13,6.798,0.0
G0901,14,7.722,0.0
G0901,15,8.316,0.0
G0901,16,8.58,0.0
G0901,17,8.679,0.0
G0901,18,8.712,0.0
G0901,19,8.151,0.0
G0901,20,7.359,0.0
G0901,21,6.501,0.0
G0901,22,5.742,0.0
G0901,23,5.082,0.0
G0901,24,5.148,0.0
G0902,1,84.96,0.0
G0902,2,84.252,0.0
G0902,3,82.836,0.0
G0902,4,79.296,0.0
G0902,5,75.756,0.0
G0902,6,68.322,0.0
G0902,7,61.596,0.0
G0902,8,55.932,0.0
G0902,9,58.40999999999999,0.0
G0902,10,64.782,0.0
G0902,11,57.348,0.0
G0902,12,65.844,0.0
G0902,13,72.924,0.0
G0902,14,82.836,0.0
G0902,15,89.208,0.0
G0902,16,92.04,0.0
G0902,17,93.102,0.0
G0902,18,93.456,0.0
G0902,19,87.438,0.0
G0902,20,78.942,0.0
G0902,21,69.738,0.0
G0902,22,61.596,0.0
G0902,23,54.516,0.0
G0902,24,55.224,0.0
G0903,1,10.8,0.0
G0903,2,10.71,0.0
G0903,3,10.53,0.0
G0903,4,10.08,0.0
G0903,5,9.63,0.0
G0903,6,8.685,0.0
G0903,7,7.829999999999999,0.0
G0903,8,7.11,0.0
G0903,9,7.425000000000001,0.0
G0903,10,8.235,0.0
G0903,11,7.29,0.0
G0903,12,8.37,0.0
G0903,13,9.27,0.0
G0903,14,10.53,0.0
G0903,15,11.34,0.0
G0903,16,11.700000000000001,0.0
G0903,17,11.835,0.0
G0903,18,11.88,0.0
G0903,19,11.115,0.0
G0903,20,10.035,0.0
G0903,21,8.865,0.0
G0903,22,7.829999999999999,0.0
G0903,23,6.93,0.0
G0903,24,7.02,0.0
G0906,1,8.64,0.0
G0906,2,8.568,0.0
G0906,3,8.424,0.0
G0906,4,8.064,0.0
G0906,5,7.704,0.0
G0906,6,6.948,0.0
G0906,7,6.264,0.0
G0906,8,5.688,0.0
G0906,9,5.94,0.0
G0906,10,6.588,0.0
G0906,11,5.832,0.0
G0906,12,6.696,0.0
G0906,13,7.416,0.0
G0906,14,8.424,0.0
G0906,15,9.072,0.0
G0906,16,9.36,0.0
G0906,17,9.468,0.0
G0906,18,9.504000000000001,0.0
G0906,19,8.892,0.0
G0906,20,8.028,0.0
G0906,21,7.092,0.0
G0906,22,6.264,0.0
G0906,23,5.544,0.0
G0906,24,5.616,0.0
G0907,1,30.72,0.0
G0907,2,30.464,0.0
G0907,3,29.952,0.0
G0907,4,28.672,0.0
G0907,5,27.392,0.0
G0907,6,24.704,0.0
G0907,7,22.272,0.0
G0907,8,20.224,0.0
G0907,9,21.12,0.0
G0907,10,23.424,0.0
G0907,11,20.736,0.0
G0907,12,23.808,0.0
G0907,13,26.368,0.0
G0907,14,29.952,0.0
G0907,15,32.256,0.0
G0907,16,33.28,0.0
G0907,17,33.664,0.0
G0907,18,33.792,0.0
G0907,19,31.616,0.0
G0907,20,28.544,0.0
G0907,21,25.216,0.0
G0907,22,22.272,0.0
G0907,23,19.712,0.0
G0907,24,19.968,0.0
G0908,1,25.44,0.0
G0908,2,25.228,0.0
G0908,3,24.804,0.0
G0908,4,23.744,0.0
G0908,5,22.684,0.0
G0908,6,20.458,0.0
G0908,7,18.444,0.0
G0908,8,16.748,0.0
G0908,9,17.49,0.0
G0908,10,19.398,0.0
G0908,11,17.172,0.0
G0908,12,19.716,0.0
G0908,13,21.836,0.0
G0908,14,24.804,0.0
G0908,15,26.712,0.0
G0908,16,27.560000000000002,0.0
G0908,17,27.878,0.0
G0908,18,27.984,0.0
G0908,19,26.182,0.0
G0908,20,23.638,0.0
G0908,21,20.882,0.0
G0908,22,18.444,0.0
G0908,23,16.324,0.0
G0908,24,16.536,0.0
G0909,1,47.904,0.0
G0909,2,47.5048,0.0
G0909,3,46.7064,0.0
G0909,4,44.7104,0.0
G0909,5,42.7144,0.0
G0909,6,38.5228,0.0
G0909,7,34.7304,0.0
G0909,8,31.5368,0.0
G0909,9,32.934,0.0
G0909,10,36.5268,0.0
G0909,11,32.3352,0.0
G0909,12,37.1256,0.0
G0909,13,41.1176,0.0
G0909,14,46.7064,0.0
G0909,15,50.2992,0.0
G0909,16,51.896,0.0
G0909,17,52.4948,0.0
G0909,18,52.6944,0.0
G0909,19,49.3012,0.0
G0909,20,44.5108,0.0
G0909,21,39.3212,0.0
G0909,22,34.7304,0.0
G0909,23,30.7384,0.0
G0909,24,31.1376,0.0
G0914,1,6.48,0.0
G0914,2,6.426,0.0
G0914,3,6.318,0.0
G0914,4,6.048,0.0
G0914,5,5.778,0.0
G0914,6,5.211,0.0
G0914,7,4.698,0.0
G0914,8,4.266,0.0
G0914,9,4.455,0.0
G0914,10,4.941,0.0
G0914,11,4.374,0.0
G0914,12,5.022,0.0
G0914,13,5.562,0.0
G0914,14,6.318,0.0
G0914,15,6.804,0.0
G0914,16,7.0200000000000005,0.0
G0914,17,7.101,0.0
G0914,18,7.128,0.0
G0914,19,6.669,0.0
G0914,20,6.021,0.0
G0914,21,5.319,0.0
G0914,22,4.698,0.0
G0914,23,4.158,0.0
G0914,24,4.212,0.0
G0915,1,14.4,0.0
G0915,2,14.28,0.0
G0915,3,14.04,0.0
G0915,4,13.44,0.0
G0915,5,12.84,0.0
G0915,6,11.58,0.0
G0915,7,10.44,0.0
G0915,8,9.48,0.0
G0915,9,9.9,0.0
G0915,10,10.98,0.0
G0915,11,9.72,0.0
G0915,12,11.16,0.0
G0915,13,12.36,0.0
G0915,14,14.04,0.0
G0915,15,15.120000000000001,0.0
G0915,16,15.600000000000001,0.0
G0915,17,15.780000000000001,0.0
G0915,18,15.84,0.0
G0915,19,14.82,0.0
G0915,20,13.38,0.0
G0915,21,11.82,0.0
G0915,22,10.44,0.0
G0915,23,9.24,0.0
G0915,24,9.36,0.0
G0925,1,7.68,0.0
G0925,2,7.616,0.0
G0925,3,7.488,0.0
G0925,4,7.168,0.0
G0925,5,6.848,0.0
G0925,6,6.176,0.0
G0925,7,5.568,0.0
G0925,8,5.056,0.0
G0925,9,5.28,0.0
G0925,10,5.856,0.0
G0925,11,5.184,0.0
G0925,12,5.952,0.0
G0925,13,6.592,0.0
G0925,14,7.488,0.0
G0925,15,8.064,0.0
G0925,16,8.32,0.0
G0925,17,8.416,0.0
G0925,18,8.448,0.0
G0925,19,7.904,0.0
G0925,20,7.136,0.0
G0925,21,6.304,0.0
G0925,22,5.568,0.0
G0925,23,4.928,0.0
G0925,24,4.992,0.0
G0001,1,0.0,0.0
G0001,2,0.0,0.0
G0001,3,0.0,0.0
G0001,4,0.0,0.0
G0001,5,0.0,0.0
G0001,6,0.0,0.0
G0001,7,3.0589999999999997,0.0
G0001,8,13.041,0.0
G0001,9,29.463,0.0
G0001,10,46.046,0.0
G0001,11,59.892,0.0
G0001,12,69.069,0.0
G0001,13,72.933,0.0
G0001,14,70.196,0.0
G0001,15,68.264,0.0
G0001,16,56.35000000000001,0.0
G0001,17,47.656,0.0
G0001,18,32.039,0.0
G0001,19,18.676,0.0
G0001,20,6.117999999999999,0.0
G0001,21,0.805,0.0
G0001,22,0.0,0.0
G0001,23,0.0,0.0
G0001,24,0.0,0.0
G0009,1,0.0,0.0
G0009,2,0.0,0.0
G0009,3,0.0,0.0
G0009,4,0.0,0.0
G0009,5,0.0,0.0
G0009,6,0.0,0.0
G0009,7,9.5741,0.0
G0009,8,40.8159,0.0
G0009,9,92.2137,0.0
G0009,10,144.1154,0.0
G0009,11,187.4508,0.0
G0009,12,216.1731,0.0
G0009,13,228.2667,0.0
G0009,14,219.7004,0.0
G0009,15,213.6536,0.0
G0009,16,176.365,0.0
G0009,17,149.1544,0.0
G0009,18,100.2761,0.0
G0009,19,58.4524,0.0
G0009,20,19.1482,0.0
G0009,21,2.5195,0.0
G0009,22,0.0,0.0
G0009,23,0.0,0.0
G0009,24,0.0,0.0
G0010,1,0.0,0.0
G0010,2,0.0,0.0
G0010,3,0.0,0.0
G0010,4,0.0,0.0
G0010,5,0.0,0.0
G0010,6,0.0,0.0
G0010,7,0.0665,0.0
G0010,8,0.2835,0.0
G0010,9,0.6405,0.0
G0010,10,1.001,0.0
G0010,11,1.302,0.0
G0010,12,1.5015,0.0
G0010,13,1.5855,0.0
G0010,14,1.526,0.0
G0010,15,1.484,0.0
G0010,16,1.225,0.0
G0010,17,1.036,0.0
G0010,18,0.6965,0.0
G0010,19,0.406,0.0
G0010,20,0.133,0.0
G0010,21,0.0175,0.0
G0010,22,0.0,0.0
G0010,23,0.0,0.0
G0010,24,0.0,0.0
G0011,1,0.0,0.0
G0011,2,0.0,0.0
G0011,3,0.0,0.0
G0011,4,0.0,0.0
G0011,5,0.0,0.0
G0011,6,0.0,0.0
G0011,7,0.0209,0.0
G0011,8,0.0891,0.0
G0011,9,0.2013,0.0
G0011,10,0.3146,0.0
G0011,11,0.4092,0.0
G0011,12,0.4719,0.0
G0011,13,0.4983,0.0
G0011,14,0.4796,0.0
G0011,15,0.4664,0.0
G0011,16,0.385,0.0
G0011,17,0.3256,0.0
G0011,18,0.2189,0.0
G0011,19,0.1276,0.0
G0011,20,0.0418,0.0
G0011,21,0.0055,0.0
G0011,22,0.0,0.0
G0011,23,0.0,0.0
G0011,24,0.0,0.0
G0012,1,0.0,0.0
G0012,2,0.0,0.0
G0012,3,0.0,0.0
G0012,4,0.0,0.0
G0012,5,0.0,0.0
G0012,6,0.0,0.0
G0012,7,0.23939999999999997,0.0
G0012,8,1.0206,0.0
G0012,9,2.3058,0.0
G0012,10,3.6036,0.0
G0012,11,4.6872,0.0
G0012,12,5.4054,0.0
G0012,13,5.7078,0.0
G0012,14,5.4936,0.0
G0012,15,5.3424,0.0
G0012,16,4.41,0.0
G0012,17,3.7295999999999996,0.0
G0012,18,2.5074,0.0
G0012,19,1.4616,0.0
G0012,20,0.47879999999999995,0.0
G0012,21,0.063,0.0
G0012,22,0.0,0.0
G0012,23,0.0,0.0
G0012,24,0.0,0.0
G0013,1,0.0,0.0
G0013,2,0.0,0.0
G0013,3,0.0,0.0
G0013,4,0.0,0.0
G0013,5,0.0,0.0
G0013,6,0.0,0.0
G0013,7,0.6916,0.0
G0013,8,2.9484,0.0
G0013,9,6.6612,0.0
G0013,10,10.4104,0.0
G0013,11,13.5408,0.0
G0013,12,15.6156,0.0
G0013,13,16.4892,0.0
G0013,14,15.8704,0.0
G0013,15,15.4336,0.0
G0013,16,12.74,0.0
G0013,17,10.774399999999998,0.0
G0013,18,7.2436,0.0
G0013,19,4.2224,0.0
G0013,20,1.3832,0.0
G0013,21,0.182,0.0
G0013,22,0.0,0.0
G0013,23,0.0,0.0
G0013,24,0.0,0.0
G0015,1,0.0,0.0
G0015,2,0.0,0.0
G0015,3,0.0,0.0
G0015,4,0.0,0.0
G0015,5,0.0,0.0
G0015,6,0.0,0.0
G0015,7,0.0608,0.0
G0015,8,0.2592,0.0
G0015,9,0.5856,0.0
G0015,10,0.9152,0.0
G0015,11,1.1904,0.0
G0015,12,1.3728,0.0
G0015,13,1.4496,0.0
G0015,14,1.3952,0.0
G0015,15,1.3568,0.0
G0015,16,1.12,0.0
G0015,17,0.9472,0.0
G0015,18,0.6368,0.0
G0015,19,0.3712,0.0
G0015,20,0.1216,0.0
G0015,21,0.016,0.0
G0015,22,0.0,0.0
G0015,23,0.0,0.0
G0015,24,0.0,0.0
G0017,1,0.0,0.0
G0017,2,0.0,0.0
G0017,3,0.0,0.0
G0017,4,0.0,0.0
G0017,5,0.0,0.0
G0017,6,0.0,0.0
G0017,7,1.7442,0.0
G0017,8,7.4358,0.0
G0017,9,16.7994,0.0
G0017,10,26.254799999999996,0.0
G0017,11,34.1496,0.0
G0017,12,39.3822,0.0
G0017,13,41.5854,0.0
G0017,14,40.0248,0.0
G0017,15,38.9232,0.0
G0017,16,32.13,0.0
G0017,17,27.1728,0.0
G0017,18,18.2682,0.0
G0017,19,10.6488,0.0
G0017,20,3.4884,0.0
G0017,21,0.459,0.0
G0017,22,0.0,0.0
G0017,23,0.0,0.0
G0017,24,0.0,0.0
G0020,1,0.0,0.0
G0020,2,0.0,0.0
G0020,3,0.0,0.0
G0020,4,0.0,0.0
G0020,5,0.0,0.0
G0020,6,0.0,0.0
G0020,7,5.3219,0.0
G0020,8,22.6881,0.0
G0020,9,51.2583,0.0
G0020,10,80.1086,0.0
G0020,11,104.1972,0.0
G0020,12,120.1629,0.0
G0020,13,126.8853,0.0
G0020,14,122.1236,0.0
G0020,15,118.7624,0.0
G0020,16,98.035,0.0
G0020,17,82.9096,0.0
G0020,18,55.7399,0.0
G0020,19,32.4916,0.0
G0020,20,10.6438,0.0
G0020,21,1.4005,0.0
G0020,22,0.0,0.0
G0020,23,0.0,0.0
G0020,24,0.0,0.0
G0024,1,0.0,0.0
G0024,2,0.0,0.0
G0024,3,0.0,0.0
G0024,4,0.0,0.0
G0024,5,0.0,0.0
G0024,6,0.0,0.0
G0024,7,0.0266,0.0
G0024,8,0.1134,0.0
G0024,9,0.2562,0.0
G0024,10,0.4003999999999999,0.0
G0024,11,0.5208,0.0
G0024,12,0.6006,0.0
G0024,13,0.6342,0.0
G0024,14,0.6104,0.0
G0024,15,0.5936,0.0
G0024,16,0.49,0.0
G0024,17,0.41439999999999994,0.0
G0024,18,0.2786,0.0
G0024,19,0.1624,0.0
G0024,20,0.0532,0.0
G0024,21,0.006999999999999999,0.0
G0024,22,0.0,0.0
G0024,23,0.0,0.0
G0024,24,0.0,0.0
G0025,1,0.0,0.0
G0025,2,0.0,0.0
G0025,3,0.0,0.0
G0025,4,0.0,0.0
G0025,5,0.0,0.0
G0025,6,0.0,0.0
G0025,7,0.7866,0.0
G0025,8,3.3534,0.0
G0025,9,7.576199999999999,0.0
G0025,10,11.8404,0.0
G0025,11,15.400799999999998,0.0
G0025,12,17.7606,0.0
G0025,13,18.7542,0.0
G0025,14,18.0504,0.0
G0025,15,17.5536,0.0
G0025,16,14.49,0.0
G0025,17,12.2544,0.0
G0025,18,8.2386,0.0
G0025,19,4.8024,0.0
G0025,20,1.5732,0.0
G0025,21,0.207,0.0
G0025,22,0.0,0.0
G0025,23,0.0,0.0
G0025,24,0.0,0.0
G0026,1,0.0,0.0
G0026,2,0.0,0.0
G0026,3,0.0,0.0
G0026,4,0.0,0.0
G0026,5,0.0,0.0
G0026,6,0.0,0.0
G0026,7,0.49590000000000006,0.0
G0026,8,2.1141,0.0
G0026,9,4.7763,0.0
G0026,10,7.4646,0.0
G0026,11,9.7092,0.0
G0026,12,11.1969,0.0
G0026,13,11.8233,0.0
G0026,14,11.3796,0.0
G0026,15,11.0664,0.0
G0026,16,9.135,0.0
G0026,17,7.7256,0.0
G0026,18,5.1939,0.0
G0026,19,3.0276,0.0
G0026,20,0.9918000000000001,0.0
G0026,21,0.1305,0.0
G0026,22,0.0,0.0
G0026,23,0.0,0.0
G0026,24,0.0,0.0
G0032,1,0.0,0.0
G0032,2,0.0,0.0
G0032,3,0.0,0.0
G0032,4,0.0,0.0
G0032,5,0.0,0.0
G0032,6,0.0,0.0
G0032,7,3.8361,0.0
G0032,8,16.3539,0.0
G0032,9,36.9477,0.0
G0032,10,57.743399999999994,0.0
G0032,11,75.1068,0.0
G0032,12,86.6151,0.0
G0032,13,91.4607,0.0
G0032,14,88.0284,0.0
G0032,15,85.6056,0.0
G0032,16,70.665,0.0
G0032,17,59.7624,0.0
G0032,18,40.1781,0.0
G0032,19,23.4204,0.0
G0032,20,7.6722,0.0
G0032,21,1.0095,0.0
G0032,22,0.0,0.0
G0032,23,0.0,0.0
G0032,24,0.0,0.0
G0034,1,0.0,0.0
G0034,2,0.0,0.0
G0034,3,0.0,0.0
G0034,4,0.0,0.0
G0034,5,0.0,0.0
G0034,6,0.0,0.0
G0034,7,0.2527,0.0
G0034,8,1.0773,0.0
G0034,9,2.4339,0.0
G0034,10,3.8038,0.0
G0034,11,4.9476,0.0
G0034,12,5.7057,0.0
G0034,13,6.0249,0.0
G0034,14,5.7988,0.0
G0034,15,5.6392,0.0
G0034,16,4.655,0.0
G0034,17,3.9368,0.0
G0034,18,2.6467,0.0
G0034,19,1.5428,0.0
G0034,20,0.5054,0.0
G0034,21,0.0665,0.0
G0034,22,0.0,0.0
G0034,23,0.0,0.0
G0034,24,0.0,0.0
G0037,1,0.0,0.0
G0037,2,0.0,0.0
G0037,3,0.0,0.0
G0037,4,0.0,0.0
G0037,5,0.0,0.0
G0037,6,0.0,0.0
G0037,7,0.0304,0.0
G0037,8,0.1296,0.0
G0037,9,0.2928,0.0
G0037,10,0.4576,0.0
G0037,11,0.5952,0.0
G0037,12,0.6864,0.0
G0037,13,0.7248,0.0
G0037,14,0.6976,0.0
G0037,15,0.6784,0.0
G0037,16,0.56,0.0
G0037,17,0.4736,0.0
G0037,18,0.3184,0.0
G0037,19,0.1856,0.0
G0037,20,0.0608,0.0
G0037,21,0.008,0.0
G0037,22,0.0,0.0
G0037,23,0.0,0.0
G0037,24,0.0,0.0
G0043,1,0.0,0.0
G0043,2,0.0,0.0
G0043,3,0.0,0.0
G0043,4,0.0,0.0
G0043,5,0.0,0.0
G0043,6,0.0,0.0
G0043,7,4.978,0.0
G0043,8,21.222,0.0
G0043,9,47.946,0.0
G0043,10,74.932,0.0
G0043,11,97.464,0.0
G0043,12,112.398,0.0
G0043,13,118.686,0.0
G0043,14,114.232,0.0
G0043,15,111.088,0.0
G0043,16,91.7,0.0
G0043,17,77.552,0.0
G0043,18,52.138,0.0
G0043,19,30.392,0.0
G0043,20,9.956,0.0
G0043,21,1.31,0.0
G0043,22,0.0,0.0
G0043,23,0.0,0.0
G0043,24,0.0,0.0
G0044,1,0.0,0.0
G0044,2,0.0,0.0
G0044,3,0.0,0.0
G0044,4,0.0,0.0
G0044,5,0.0,0.0
G0044,6,0.0,0.0
G0044,7,0.46740000000000004,0.0
G0044,8,1.9926,0.0
G0044,9,4.5018,0.0
G0044,10,7.0356,0.0
G0044,11,9.1512,0.0
G0044,12,10.5534,0.0
G0044,13,11.1438,0.0
G0044,14,10.7256,0.0
G0044,15,10.4304,0.0
G0044,16,8.61,0.0
G0044,17,7.2816,0.0
G0044,18,4.8954,0.0
G0044,19,2.8536,0.0
G0044,20,0.9348000000000001,0.0
G0044,21,0.12299999999999998,0.0
G0044,22,0.0,0.0
G0044,23,0.0,0.0
G0044,24,0.0,0.0
G0046,1,0.0,0.0
G0046,2,0.0,0.0
G0046,3,0.0,0.0
G0046,4,0.0,0.0
G0046,5,0.0,0.0
G0046,6,0.0,0.0
G0046,7,0.3534,0.0
G0046,8,1.5066,0.0
G0046,9,3.4038000000000004,0.0
G0046,10,5.3196,0.0
G0046,11,6.919200000000001,0.0
G0046,12,7.9794,0.0
G0046,13,8.4258,0.0
G0046,14,8.1096,0.0
G0046,15,7.8864,0.0
G0046,16,6.51,0.0
G0046,17,5.5056,0.0
G0046,18,3.7014,0.0
G0046,19,2.1576,0.0
G0046,20,0.7068,0.0
G0046,21,0.093,0.0
G0046,22,0.0,0.0
G0046,23,0.0,0.0
G0046,24,0.0,0.0
G0047,1,0.0,0.0
G0047,2,0.0,0.0
G0047,3,0.0,0.0
G0047,4,0.0,0.0
G0047,5,0.0,0.0
G0047,6,0.0,0.0
G0047,7,1.1476,0.0
G0047,8,4.8924,0.0
G0047,9,11.0532,0.0
G0047,10,17.2744,0.0
G0047,11,22.4688,0.0
G0047,12,25.9116,0.0
G0047,13,27.3612,0.0
G0047,14,26.3344,0.0
G0047,15,25.6096,0.0
G0047,16,21.14,0.0
G0047,17,17.8784,0.0
G0047,18,12.0196,0.0
G0047,19,7.0064,0.0
G0047,20,2.2952,0.0
G0047,21,0.302,0.0
G0047,22,0.0,0.0
G0047,23,0.0,0.0
G0047,24,0.0,0.0
G0049,1,0.0,0.0
G0049,2,0.0,0.0
G0049,3,0.0,0.0
G0049,4,0.0,0.0
G0049,5,0.0,0.0
G0049,6,0.0,0.0
G0049,7,0.22799999999999998,0.0
G0049,8,0.972,0.0
G0049,9,2.196,0.0
G0049,10,3.4319999999999995,0.0
G0049,11,4.464,0.0
G0049,12,5.148,0.0
G0049,13,5.436,0.0
G0049,14,5.232,0.0
G0049,15,5.088,0.0
G0049,16,4.2,0.0
G0049,17,3.5519999999999996,0.0
G0049,18,2.388,0.0
G0049,19,1.392,0.0
G0049,20,0.45599999999999996,0.0
G0049,21,0.06,0.0
G0049,22,0.0,0.0
G0049,23,0.0,0.0
G0049,24,0.0,0.0
G0051,1,0.0,0.0
G0051,2,0.0,0.0
G0051,3,0.0,0.0
G0051,4,0.0,0.0
G0051,5,0.0,0.0
G0051,6,0.0,0.0
G0051,7,0.6422,0.0
G0051,8,2.7378,0.0
G0051,9,6.1854,0.0
G0051,10,9.6668,0.0
G0051,11,12.5736,0.0
G0051,12,14.5002,0.0
G0051,13,15.3114,0.0
G0051,14,14.7368,0.0
G0051,15,14.3312,0.0
G0051,16,11.83,0.0
G0051,17,10.0048,0.0
G0051,18,6.7262,0.0
G0051,19,3.9208,0.0
G0051,20,1.2844,0.0
G0051,21,0.169,0.0
G0051,22,0.0,0.0
G0051,23,0.0,0.0
G0051,24,0.0,0.0
G0052,1,0.0,0.0
G0052,2,0.0,0.0
G0052,3,0.0,0.0
G0052,4,0.0,0.0
G0052,5,0.0,0.0
G0052,6,0.0,0.0
G0052,7,0.8265,0.0
G0052,8,3.5235000000000003,0.0
G0052,9,7.9605,0.0
G0052,10,12.441,0.0
G0052,11,16.182,0.0
G0052,12,18.6615,0.0
G0052,13,19.7055,0.0
G0052,14,18.966,0.0
G0052,15,18.444,0.0
G0052,16,15.225,0.0
G0052,17,12.876,0.0
G0052,18,8.6565,0.0
G0052,19,5.046,0.0
G0052,20,1.653,0.0
G0052,21,0.2175,0.0
G0052,22,0.0,0.0
G0052,23,0.0,0.0
G0052,24,0.0,0.0
G0053,1,0.0,0.0
G0053,2,0.0,0.0
G0053,3,0.0,0.0
G0053,4,0.0,0.0
G0053,5,0.0,0.0
G0053,6,0.0,0.0
G0053,7,1.2388,0.0
G0053,8,5.2812,0.0
G0053,9,11.9316,0.0
G0053,10,18.6472,0.0
G0053,11,24.2544,0.0
G0053,12,27.9708,0.0
G0053,13,29.5356,0.0
G0053,14,28.4272,0.0
G0053,15,27.6448,0.0
G0053,16,22.82,0.0
G0053,17,19.2992,0.0
G0053,18,12.9748,0.0
G0053,19,7.5632,0.0
G0053,20,2.4776,0.0
G0053,21,0.326,0.0
G0053,22,0.0,0.0
G0053,23,0.0,0.0
G0053,24,0.0,0.0
G0054,1,0.0,0.0
G0054,2,0.0,0.0
G0054,3,0.0,0.0
G0054,4,0.0,0.0
G0054,5,0.0,0.0
G0054,6,0.0,0.0
G0054,7,1.5333,0.0
G0054,8,6.5367,0.0
G0054,9,14.7681,0.0
G0054,10,23.080200000000005,0.0
G0054,11,30.020400000000002,0.0
G0054,12,34.6203,0.0
G0054,13,36.5571,0.0
G0054,14,35.1852,0.0
G0054,15,34.2168,0.0
G0054,16,28.244999999999997,0.0
G0054,17,23.8872,0.0
G0054,18,16.0593,0.0
G0054,19,9.3612,0.0
G0054,20,3.0666,0.0
G0054,21,0.4035,0.0
G0054,22,0.0,0.0
G0054,23,0.0,0.0
G0054,24,0.0,0.0
G0055,1,0.0,0.0
G0055,2,0.0,0.0
G0055,3,0.0,0.0
G0055,4,0.0,0.0
G0055,5,0.0,0.0
G0055,6,0.0,0.0
G0055,7,0.47879999999999995,0.0
G0055,8,2.0412,0.0
G0055,9,4.6116,0.0
G0055,10,7.2072,0.0
G0055,11,9.3744,0.0
G0055,12,10.8108,0.0
G0055,13,11.4156,0.0
G0055,14,10.9872,0.0
G0055,15,10.6848,0.0
G0055,16,8.82,0.0
G0055,17,7.459199999999999,0.0
G0055,18,5.0148,0.0
G0055,19,2.9232,0.0
G0055,20,0.9575999999999999,0.0
G0055,21,0.126,0.0
G0055,22,0.0,0.0
G0055,23,0.0,0.0
G0055,24,0.0,0.0
G0062,1,0.0,0.0
G0062,2,0.0,0.0
G0062,3,0.0,0.0
G0062,4,0.0,0.0
G0062,5,0.0,0.0
G0062,6,0.0,0.0
G0062,7,0.022800000000000004,0.0
G0062,8,0.0972,0.0
G0062,9,0.2196,0.0
G0062,10,0.3432,0.0
G0062,11,0.4464000000000001,0.0
G0062,12,0.5148,0.0
G0062,13,0.5436,0.0
G0062,14,0.5232,0.0
G0062,15,0.5088,0.0
G0062,16,0.42,0.0
G0062,17,0.3552,0.0
G0062,18,0.2388,0.0
G0062,19,0.1392,0.0
G0062,20,0.04560000000000001,0.0
G0062,21,0.006,0.0
G0062,22,0.0,0.0
G0062,23,0.0,0.0
G0062,24,0.0,0.0
G0063,1,0.0,0.0
G0063,2,0.0,0.0
G0063,3,0.0,0.0
G0063,4,0.0,0.0
G0063,5,0.0,0.0
G0063,6,0.0,0.0
G0063,7,0.1292,0.0
G0063,8,0.5508,0.0
G0063,9,1.2444,0.0
G0063,10,1.9448,0.0
G0063,11,2.5296,0.0
G0063,12,2.9172,0.0
G0063,13,3.0804,0.0
G0063,14,2.9648,0.0
G0063,15,2.8832,0.0
G0063,16,2.38,0.0
G0063,17,2.0128,0.0
G0063,18,1.3532,0.0
G0063,19,0.7888,0.0
G0063,20,0.2584,0.0
G0063,21,0.034,0.0
G0063,22,0.0,0.0
G0063,23,0.0,0.0
G0063,24,0.0,0.0
G0071,1,0.0,0.0
G0071,2,0.0,0.0
G0071,3,0.0,0.0
G0071,4,0.0,0.0
G0071,5,0.0,0.0
G0071,6,0.0,0.0
G0071,7,0.11969999999999999,0.0
G0071,8,0.5103,0.0
G0071,9,1.1529,0.0
G0071,10,1.8018,0.0
G0071,11,2.3436,0.0
G0071,12,2.7027,0.0
G0071,13,2.8539,0.0
G0071,14,2.7468,0.0
G0071,15,2.6712,0.0
G0071,16,2.205,0.0
G0071,17,1.8647999999999998,0.0
G0071,18,1.2537,0.0
G0071,19,0.7308,0.0
G0071,20,0.23939999999999997,0.0
G0071,21,0.0315,0.0
G0071,22,0.0,0.0
G0071,23,0.0,0.0
G0071,24,0.0,0.0
G0072,1,0.0,0.0
G0072,2,0.0,0.0
G0072,3,0.0,0.0
G0072,4,0.0,0.0
G0072,5,0.0,0.0
G0072,6,0.0,0.0
G0072,7,0.0266,0.0
G0072,8,0.1134,0.0
G0072,9,0.2562,0.0
G0072,10,0.4003999999999999,0.0
G0072,11,0.5208,0.0
G0072,12,0.6006,0.0
G0072,13,0.6342,0.0
G0072,14,0.6104,0.0
G0072,15,0.5936,0.0
G0072,16,0.49,0.0
G0072,17,0.41439999999999994,0.0
G0072,18,0.2786,0.0
G0072,19,0.1624,0.0
G0072,20,0.0532,0.0
G0072,21,0.006999999999999999,0.0
G0072,22,0.0,0.0
G0072,23,0.0,0.0
G0072,24,0.0,0.0
G0074,1,0.0,0.0
G0074,2,0.0,0.0
G0074,3,0.0,0.0
G0074,4,0.0,0.0
G0074,5,0.0,0.0
G0074,6,0.0,0.0
G0074,7,0.44459999999999994,0.0
G0074,8,1.8954,0.0
G0074,9,4.2822,0.0
G0074,10,6.6924,0.0
G0074,11,8.7048,0.0
G0074,12,10.0386,0.0
G0074,13,10.6002,0.0
G0074,14,10.2024,0.0
G0074,15,9.9216,0.0
G0074,16,8.19,0.0
G0074,17,6.9264,0.0
G0074,18,4.6566,0.0
G0074,19,2.7144,0.0
G0074,20,0.8891999999999999,0.0
G0074,21,0.11700000000000002,0.0
G0074,22,0.0,0.0
G0074,23,0.0,0.0
G0074,24,0.0,0.0
G0076,1,0.0,0.0
G0076,2,0.0,0.0
G0076,3,0.0,0.0
G0076,4,0.0,0.0
G0076,5,0.0,0.0
G0076,6,0.0,0.0
G0076,7,0.0532,0.0
G0076,8,0.2268,0.0
G0076,9,0.5124,0.0
G0076,10,0.8007999999999998,0.0
G0076,11,1.0416,0.0
G0076,12,1.2012,0.0
G0076,13,1.2684,0.0
G0076,14,1.2208,0.0
G0076,15,1.1872,0.0
G0076,16,0.98,0.0
G0076,17,0.8287999999999999,0.0
G0076,18,0.5572,0.0
G0076,19,0.3248,0.0
G0076,20,0.1064,0.0
G0076,21,0.013999999999999999,0.0
G0076,22,0.0,0.0
G0076,23,0.0,0.0
G0076,24,0.0,0.0
G0079,1,0.0,0.0
G0079,2,0.0,0.0
G0079,3,0.0,0.0
G0079,4,0.0,0.0
G0079,5,0.0,0.0
G0079,6,0.0,0.0
G0079,7,0.3553,0.0
G0079,8,1.5147,0.0
G0079,9,3.4221,0.0
G0079,10,5.3482,0.0
G0079,11,6.9564,0.0
G0079,12,8.0223,0.0
G0079,13,8.4711,0.0
G0079,14,8.1532,0.0
G0079,15,7.9288,0.0
G0079,16,6.545,0.0
G0079,17,5.5352,0.0
G0079,18,3.7213,0.0
G0079,19,2.1692,0.0
G0079,20,0.7106,0.0
G0079,21,0.0935,0.0
G0079,22,0.0,0.0
G0079,23,0.0,0.0
G0079,24,0.0,0.0
G0080,1,0.0,0.0
G0080,2,0.0,0.0
G0080,3,0.0,0.0
G0080,4,0.0,0.0
G0080,5,0.0,0.0
G0080,6,0.0,0.0
G0080,7,0.304,0.0
G0080,8,1.296,0.0
G0080,9,2.928,0.0
G0080,10,4.576,0.0
G0080,11,5.952,0.0
G0080,12,6.864,0.0
G0080,13,7.248,0.0
G0080,14,6.976,0.0
G0080,15,6.784,0.0
G0080,16,5.6,0.0
G0080,17,4.736,0.0
G0080,18,3.184,0.0
G0080,19,1.856,0.0
G0080,20,0.608,0.0
G0080,21,0.08,0.0
G0080,22,0.0,0.0
G0080,23,0.0,0.0
G0080,24,0.0,0.0
G0082,1,0.0,0.0
G0082,2,0.0,0.0
G0082,3,0.0,0.0
G0082,4,0.0,0.0
G0082,5,0.0,0.0
G0082,6,0.0,0.0
G0082,7,0.5681,0.0
G0082,8,2.4219,0.0
G0082,9,5.4717,0.0
G0082,10,8.5514,0.0
G0082,11,11.1228,0.0
G0082,12,12.8271,0.0
G0082,13,13.5447,0.0
G0082,14,13.0364,0.0
G0082,15,12.6776,0.0
G0082,16,10.465,0.0
G0082,17,8.8504,0.0
G0082,18,5.9501,0.0
G0082,19,3.4684,0.0
G0082,20,1.1362,0.0
G0082,21,0.1495,0.0
G0082,22,0.0,0.0
G0082,23,0.0,0.0
G0082,24,0.0,0.0
G0083,1,0.0,0.0
G0083,2,0.0,0.0
G0083,3,0.0,0.0
G0083,4,0.0,0.0
G0083,5,0.0,0.0
G0083,6,0.0,0.0
G0083,7,1.7499000000000002,0.0
G0083,8,7.4601,0.0
G0083,9,16.8543,0.0
G0083,10,26.340599999999995,0.0
G0083,11,34.2612,0.0
G0083,12,39.5109,0.0
G0083,13,41.7213,0.0
G0083,14,40.1556,0.0
G0083,15,39.0504,0.0
G0083,16,32.235,0.0
G0083,17,27.2616,0.0
G0083,18,18.3279,0.0
G0083,19,10.6836,0.0
G0083,20,3.4998000000000005,0.0
G0083,21,0.46049999999999996,0.0
G0083,22,0.0,0.0
G0083,23,0.0,0.0
G0083,24,0.0,0.0
G0084,1,0.0,0.0
G0084,2,0.0,0.0
G0084,3,0.0,0.0
G0084,4,0.0,0.0
G0084,5,0.0,0.0
G0084,6,0.0,0.0
G0084,7,0.9974999999999999,0.0
G0084,8,4.2525,0.0
G0084,9,9.6075,0.0
G0084,10,15.015000000000002,0.0
G0084,11,19.53,0.0
G0084,12,22.5225,0.0
G0084,13,23.7825,0.0
G0084,14,22.89,0.0
G0084,15,22.26,0.0
G0084,16,18.375,0.0
G0084,17,15.54,0.0
G0084,18,10.4475,0.0
G0084,19,6.09,0.0
G0084,20,1.9949999999999999,0.0
G0084,21,0.2625,0.0
G0084,22,0.0,0.0
G0084,23,0.0,0.0
G0084,24,0.0,0.0
G0087,1,0.0,0.0
G0087,2,0.0,0.0
G0087,3,0.0,0.0
G0087,4,0.0,0.0
G0087,5,0.0,0.0
G0087,6,0.0,0.0
G0087,7,0.2888,0.0
G0087,8,1.2312,0.0
G0087,9,2.7816,0.0
G0087,10,4.3472,0.0
G0087,11,5.6544,0.0
G0087,12,6.5208,0.0
G0087,13,6.8856,0.0
G0087,14,6.6272,0.0
G0087,15,6.4448,0.0
G0087,16,5.32,0.0
G0087,17,4.4992,0.0
G0087,18,3.0248,0.0
G0087,19,1.7632,0.0
G0087,20,0.5776,0.0
G0087,21,0.076,0.0
G0087,22,0.0,0.0
G0087,23,0.0,0.0
G0087,24,0.0,0.0
G0091,1,0.0,0.0
G0091,2,0.0,0.0
G0091,3,0.0,0.0
G0091,4,0.0,0.0
G0091,5,0.0,0.0
G0091,6,0.0,0.0
G0091,7,4.2788,0.0
G0091,8,18.2412,0.0
G0091,9,41.2116,0.0
G0091,10,64.4072,0.0
G0091,11,83.7744,0.0
G0091,12,96.6108,0.0
G0091,13,102.0156,0.0
G0091,14,98.1872,0.0
G0091,15,95.4848,0.0
G0091,16,78.82,0.0
G0091,17,66.6592,0.0
G0091,18,44.8148,0.0
G0091,19,26.1232,0.0
G0091,20,8.5576,0.0
G0091,21,1.126,0.0
G0091,22,0.0,0.0
G0091,23,0.0,0.0
G0091,24,0.0,0.0
G0096,1,0.0,0.0
G0096,2,0.0,0.0
G0096,3,0.0,0.0
G0096,4,0.0,0.0
G0096,5,0.0,0.0
G0096,6,0.0,0.0
G0096,7,1.1286,0.0
G0096,8,4.8114,0.0
G0096,9,10.8702,0.0
G0096,10,16.9884,0.0
G0096,11,22.0968,0.0
G0096,12,25.4826,0.0
G0096,13,26.9082,0.0
G0096,14,25.8984,0.0
G0096,15,25.1856,0.0
G0096,16,20.79,0.0
G0096,17,17.5824,0.0
G0096,18,11.8206,0.0
G0096,19,6.8904,0.0
G0096,20,2.2572,0.0
G0096,21,0.297,0.0
G0096,22,0.0,0.0
G0096,23,0.0,0.0
G0096,24,0.0,0.0
G0098,1,0.0,0.0
G0098,2,0.0,0.0
G0098,3,0.0,0.0
G0098,4,0.0,0.0
G0098,5,0.0,0.0
G0098,6,0.0,0.0
G0098,7,1.3699,0.0
G0098,8,5.8401,0.0
G0098,9,13.1943,0.0
G0098,10,20.6206,0.0
G0098,11,26.8212,0.0
G0098,12,30.9309,0.0
G0098,13,32.6613,0.0
G0098,14,31.4356,0.0
G0098,15,30.5704,0.0
G0098,16,25.235,0.0
G0098,17,21.3416,0.0
G0098,18,14.3479,0.0
G0098,19,8.3636,0.0
G0098,20,2.7398,0.0
G0098,21,0.3605,0.0
G0098,22,0.0,0.0
G0098,23,0.0,0.0
G0098,24,0.0,0.0
G0100,1,0.0,0.0
G0100,2,0.0,0.0
G0100,3,0.0,0.0
G0100,4,0.0,0.0
G0100,5,0.0,0.0
G0100,6,0.0,0.0
G0100,7,5.1927,0.0
G0100,8,22.137300000000003,0.0
G0100,9,50.0139,0.0
G0100,10,78.1638,0.0
G0100,11,101.6676,0.0
G0100,12,117.2457,0.0
G0100,13,123.8049,0.0
G0100,14,119.1588,0.0
G0100,15,115.8792,0.0
G0100,16,95.655,0.0
G0100,17,80.8968,0.0
G0100,18,54.3867,0.0
G0100,19,31.7028,0.0
G0100,20,10.3854,0.0
G0100,21,1.3665,0.0
G0100,22,0.0,0.0
G0100,23,0.0,0.0
G0100,24,0.0,0.0
G0102,1,0.0,0.0
G0102,2,0.0,0.0
G0102,3,0.0,0.0
G0102,4,0.0,0.0
G0102,5,0.0,0.0
G0102,6,0.0,0.0
G0102,7,0.1121,0.0
G0102,8,0.47789999999999994,0.0
G0102,9,1.0797,0.0
G0102,10,1.6874,0.0
G0102,11,2.1948,0.0
G0102,12,2.5311,0.0
G0102,13,2.6727,0.0
G0102,14,2.5724,0.0
G0102,15,2.5016,0.0
G0102,16,2.065,0.0
G0102,17,1.7464,0.0
G0102,18,1.1741,0.0
G0102,19,0.6844,0.0
G0102,20,0.2242,0.0
G0102,21,0.0295,0.0
G0102,22,0.0,0.0
G0102,23,0.0,0.0
G0102,24,0.0,0.0
G0106,1,0.0,0.0
G0106,2,0.0,0.0
G0106,3,0.0,0.0
G0106,4,0.0,0.0
G0106,5,0.0,0.0
G0106,6,0.0,0.0
G0106,7,0.2793,0.0
G0106,8,1.1907,0.0
G0106,9,2.6901,0.0
G0106,10,4.2042,0.0
G0106,11,5.4684,0.0
G0106,12,6.3063,0.0
G0106,13,6.6591,0.0
G0106,14,6.4092,0.0
G0106,15,6.2328,0.0
G0106,16,5.145,0.0
G0106,17,4.3512,0.0
G0106,18,2.9253,0.0
G0106,19,1.7052,0.0
G0106,20,0.5586,0.0
G0106,21,0.0735,0.0
G0106,22,0.0,0.0
G0106,23,0.0,0.0
G0106,24,0.0,0.0
G0118,1,0.0,0.0
G0118,2,0.0,0.0
G0118,3,0.0,0.0
G0118,4,0.0,0.0
G0118,5,0.0,0.0
G0118,6,0.0,0.0
G0118,7,4.3472,0.0
G0118,8,18.5328,0.0
G0118,9,41.8704,0.0
G0118,10,65.4368,0.0
G0118,11,85.1136,0.0
G0118,12,98.1552,0.0
G0118,13,103.6464,0.0
G0118,14,99.7568,0.0
G0118,15,97.0112,0.0
G0118,16,80.08,0.0
G0118,17,67.7248,0.0
G0118,18,45.5312,0.0
G0118,19,26.5408,0.0
G0118,20,8.6944,0.0
G0118,21,1.144,0.0
G0118,22,0.0,0.0
G0118,23,0.0,0.0
G0118,24,0.0,0.0
G0121,1,0.0,0.0
G0121,2,0.0,0.0
G0121,3,0.0,0.0
G0121,4,0.0,0.0
G0121,5,0.0,0.0
G0121,6,0.0,0.0
G0121,7,3.1673000000000004,0.0
G0121,8,13.502700000000003,0.0
G0121,9,30.506100000000004,0.0
G0121,10,47.6762,0.0
G0121,11,62.01239999999999,0.0
G0121,12,71.5143,0.0
G0121,13,75.5151,0.0
G0121,14,72.6812,0.0
G0121,15,70.6808,0.0
G0121,16,58.345,0.0
G0121,17,49.3432,0.0
G0121,18,33.1733,0.0
G0121,19,19.3372,0.0
G0121,20,6.334600000000001,0.0
G0121,21,0.8334999999999999,0.0
G0121,22,0.0,0.0
G0121,23,0.0,0.0
G0121,24,0.0,0.0
G0123,1,0.0,0.0
G0123,2,0.0,0.0
G0123,3,0.0,0.0
G0123,4,0.0,0.0
G0123,5,0.0,0.0
G0123,6,0.0,0.0
G0123,7,2.9583,0.0
G0123,8,12.6117,0.0
G0123,9,28.4931,0.0
G0123,10,44.5302,0.0
G0123,11,57.9204,0.0
G0123,12,66.7953,0.0
G0123,13,70.5321,0.0
G0123,14,67.8852,0.0
G0123,15,66.0168,0.0
G0123,16,54.495000000000005,0.0
G0123,17,46.0872,0.0
G0123,18,30.9843,0.0
G0123,19,18.0612,0.0
G0123,20,5.9166,0.0
G0123,21,0.7785,0.0
G0123,22,0.0,0.0
G0123,23,0.0,0.0
G0123,24,0.0,0.0
G0125,1,0.0,0.0
G0125,2,0.0,0.0
G0125,3,0.0,0.0
G0125,4,0.0,0.0
G0125,5,0.0,0.0
G0125,6,0.0,0.0
G0125,7,3.3743999999999996,0.0
G0125,8,14.3856,0.0
G0125,9,32.5008,0.0
G0125,10,50.79359999999999,0.0
G0125,11,66.0672,0.0
G0125,12,76.1904,0.0
G0125,13,80.4528,0.0
G0125,14,77.4336,0.0
G0125,15,75.3024,0.0
G0125,16,62.16,0.0
G0125,17,52.56960000000001,0.0
G0125,18,35.3424,0.0
G0125,19,20.6016,0.0
G0125,20,6.748799999999999,0.0
G0125,21,0.888,0.0
G0125,22,0.0,0.0
G0125,23,0.0,0.0
G0125,24,0.0,0.0
G0126,1,0.0,0.0
G0126,2,0.0,0.0
G0126,3,0.0,0.0
G0126,4,0.0,0.0
G0126,5,0.0,0.0
G0126,6,0.0,0.0
G0126,7,0.5681,0.0
G0126,8,2.4219,0.0
G0126,9,5.4717,0.0
G0126,10,8.5514,0.0
G0126,11,11.1228,0.0
G0126,12,12.8271,0.0
G0126,13,13.5447,0.0
G0126,14,13.0364,0.0
G0126,15,12.6776,0.0
G0126,16,10.465,0.0
G0126,17,8.8504,0.0
G0126,18,5.9501,0.0
G0126,19,3.4684,0.0
G0126,20,1.1362,0.0
G0126,21,0.1495,0.0
G0126,22,0.0,0.0
G0126,23,0.0,0.0
G0126,24,0.0,0.0
G0131,1,0.0,0.0
G0131,2,0.0,0.0
G0131,3,0.0,0.0
G0131,4,0.0,0.0
G0131,5,0.0,0.0
G0131,6,0.0,0.0
G0131,7,1.9684,0.0
G0131,8,8.3916,0.0
G0131,9,18.9588,0.0
G0131,10,29.6296,0.0
G0131,11,38.5392,0.0
G0131,12,44.4444,0.0
G0131,13,46.9308,0.0
G0131,14,45.1696,0.0
G0131,15,43.9264,0.0
G0131,16,36.26,0.0
G0131,17,30.6656,0.0
G0131,18,20.6164,0.0
G0131,19,12.0176,0.0
G0131,20,3.9368,0.0
G0131,21,0.518,0.0
G0131,22,0.0,0.0
G0131,23,0.0,0.0
G0131,24,0.0,0.0
G0132,1,0.0,0.0
G0132,2,0.0,0.0
G0132,3,0.0,0.0
G0132,4,0.0,0.0
G0132,5,0.0,0.0
G0132,6,0.0,0.0
G0132,7,1.0697,0.0
G0132,8,4.5603,0.0
G0132,9,10.3029,0.0
G0132,10,16.1018,0.0
G0132,11,20.9436,0.0
G0132,12,24.1527,0.0
G0132,13,25.5039,0.0
G0132,14,24.5468,0.0
G0132,15,23.8712,0.0
G0132,16,19.705,0.0
G0132,17,16.6648,0.0
G0132,18,11.2037,0.0
G0132,19,6.5308,0.0
G0132,20,2.1394,0.0
G0132,21,0.2815,0.0
G0132,22,0.0,0.0
G0132,23,0.0,0.0
G0132,24,0.0,0.0
G0133,1,0.0,0.0
G0133,2,0.0,0.0
G0133,3,0.0,0.0
G0133,4,0.0,0.0
G0133,5,0.0,0.0
G0133,6,0.0,0.0
G0133,7,0.038,0.0
G0133,8,0.162,0.0
G0133,9,0.366,0.0
G0133,10,0.572,0.0
G0133,11,0.744,0.0
G0133,12,0.858,0.0
G0133,13,0.906,0.0
G0133,14,0.872,0.0
G0133,15,0.848,0.0
G0133,16,0.7,0.0
G0133,17,0.592,0.0
G0133,18,0.398,0.0
G0133,19,0.232,0.0
G0133,20,0.076,0.0
G0133,21,0.01,0.0
G0133,22,0.0,0.0
G0133,23,0.0,0.0
G0133,24,0.0,0.0
G0136,1,0.0,0.0
G0136,2,0.0,0.0
G0136,3,0.0,0.0
G0136,4,0.0,0.0
G0136,5,0.0,0.0
G0136,6,0.0,0.0
G0136,7,0.1748,0.0
G0136,8,0.7452,0.0
G0136,9,1.6836,0.0
G0136,10,2.6312,0.0
G0136,11,3.4224,0.0
G0136,12,3.9468,0.0
G0136,13,4.1676,0.0
G0136,14,4.0112,0.0
G0136,15,3.9007999999999994,0.0
G0136,16,3.22,0.0
G0136,17,2.7232,0.0
G0136,18,1.8308,0.0
G0136,19,1.0672,0.0
G0136,20,0.3496,0.0
G0136,21,0.046,0.0
G0136,22,0.0,0.0
G0136,23,0.0,0.0
G0136,24,0.0,0.0
G0141,1,0.0,0.0
G0141,2,0.0,0.0
G0141,3,0.0,0.0
G0141,4,0.0,0.0
G0141,5,0.0,0.0
G0141,6,0.0,0.0
G0141,7,0.2812,0.0
G0141,8,1.1988,0.0
G0141,9,2.7084,0.0
G0141,10,4.2328,0.0
G0141,11,5.5056,0.0
G0141,12,6.3492,0.0
G0141,13,6.7044,0.0
G0141,14,6.4528,0.0
G0141,15,6.2752,0.0
G0141,16,5.18,0.0
G0141,17,4.3808,0.0
G0141,18,2.9452,0.0
G0141,19,1.7168,0.0
G0141,20,0.5624,0.0
G0141,21,0.074,0.0
G0141,22,0.0,0.0
G0141,23,0.0,0.0
G0141,24,0.0,0.0
G0143,1,0.0,0.0
G0143,2,0.0,0.0
G0143,3,0.0,0.0
G0143,4,0.0,0.0
G0143,5,0.0,0.0
G0143,6,0.0,0.0
G0143,7,0.028499999999999998,0.0
G0143,8,0.1215,0.0
G0143,9,0.2745,0.0
G0143,10,0.42899999999999994,0.0
G0143,11,0.558,0.0
G0143,12,0.6435,0.0
G0143,13,0.6795,0.0
G0143,14,0.654,0.0
G0143,15,0.636,0.0
G0143,16,0.525,0.0
G0143,17,0.44399999999999995,0.0
G0143,18,0.2985,0.0
G0143,19,0.174,0.0
G0143,20,0.056999999999999995,0.0
G0143,21,0.0075,0.0
G0143,22,0.0,0.0
G0143,23,0.0,0.0
G0143,24,0.0,0.0
G0144,1,0.0,0.0
G0144,2,0.0,0.0
G0144,3,0.0,0.0
G0144,4,0.0,0.0
G0144,5,0.0,0.0
G0144,6,0.0,0.0
G0144,7,0.0532,0.0
G0144,8,0.2268,0.0
G0144,9,0.5124,0.0
G0144,10,0.8007999999999998,0.0
G0144,11,1.0416,0.0
G0144,12,1.2012,0.0
G0144,13,1.2684,0.0
G0144,14,1.2208,0.0
G0144,15,1.1872,0.0
G0144,16,0.98,0.0
G0144,17,0.8287999999999999,0.0
G0144,18,0.5572,0.0
G0144,19,0.3248,0.0
G0144,20,0.1064,0.0
G0144,21,0.013999999999999999,0.0
G0144,22,0.0,0.0
G0144,23,0.0,0.0
G0144,24,0.0,0.0
G0146,1,0.0,0.0
G0146,2,0.0,0.0
G0146,3,0.0,0.0
G0146,4,0.0,0.0
G0146,5,0.0,0.0
G0146,6,0.0,0.0
G0146,7,0.3914,0.0
G0146,8,1.6686,0.0
G0146,9,3.7698,0.0
G0146,10,5.8915999999999995,0.0
G0146,11,7.663199999999999,0.0
G0146,12,8.8374,0.0
G0146,13,9.3318,0.0
G0146,14,8.9816,0.0
G0146,15,8.7344,0.0
G0146,16,7.21,0.0
G0146,17,6.0976,0.0
G0146,18,4.0994,0.0
G0146,19,2.3896,0.0
G0146,20,0.7828,0.0
G0146,21,0.103,0.0
G0146,22,0.0,0.0
G0146,23,0.0,0.0
G0146,24,0.0,0.0
G0149,1,0.0,0.0
G0149,2,0.0,0.0
G0149,3,0.0,0.0
G0149,4,0.0,0.0
G0149,5,0.0,0.0
G0149,6,0.0,0.0
G0149,7,0.0779,0.0
G0149,8,0.3321,0.0
G0149,9,0.7503,0.0
G0149,10,1.1726,0.0
G0149,11,1.5252,0.0
G0149,12,1.7589,0.0
G0149,13,1.8573,0.0
G0149,14,1.7876,0.0
G0149,15,1.7384,0.0
G0149,16,1.435,0.0
G0149,17,1.2136,0.0
G0149,18,0.8159,0.0
G0149,19,0.4756,0.0
G0149,20,0.1558,0.0
G0149,21,0.0205,0.0
G0149,22,0.0,0.0
G0149,23,0.0,0.0
G0149,24,0.0,0.0
G0151,1,0.0,0.0
G0151,2,0.0,0.0
G0151,3,0.0,0.0
G0151,4,0.0,0.0
G0151,5,0.0,0.0
G0151,6,0.0,0.0
G0151,7,0.11969999999999999,0.0
G0151,8,0.5103,0.0
G0151,9,1.1529,0.0
G0151,10,1.8018,0.0
G0151,11,2.3436,0.0
G0151,12,2.7027,0.0
G0151,13,2.8539,0.0
G0151,14,2.7468,0.0
G0151,15,2.6712,0.0
G0151,16,2.205,0.0
G0151,17,1.8647999999999998,0.0
G0151,18,1.2537,0.0
G0151,19,0.7308,0.0
G0151,20,0.23939999999999997,0.0
G0151,21,0.0315,0.0
G0151,22,0.0,0.0
G0151,23,0.0,0.0
G0151,24,0.0,0.0
G0154,1,0.0,0.0
G0154,2,0.0,0.0
G0154,3,0.0,0.0
G0154,4,0.0,0.0
G0154,5,0.0,0.0
G0154,6,0.0,0.0
G0154,7,0.2128,0.0
G0154,8,0.9072,0.0
G0154,9,2.0496,0.0
G0154,10,3.2031999999999994,0.0
G0154,11,4.1664,0.0
G0154,12,4.8048,0.0
G0154,13,5.0736,0.0
G0154,14,4.8832,0.0
G0154,15,4.7488,0.0
G0154,16,3.92,0.0
G0154,17,3.3151999999999995,0.0
G0154,18,2.2288,0.0
G0154,19,1.2992,0.0
G0154,20,0.4256,0.0
G0154,21,0.055999999999999994,0.0
G0154,22,0.0,0.0
G0154,23,0.0,0.0
G0154,24,0.0,0.0
G0157,1,0.0,0.0
G0157,2,0.0,0.0
G0157,3,0.0,0.0
G0157,4,0.0,0.0
G0157,5,0.0,0.0
G0157,6,0.0,0.0
G0157,7,0.0589,0.0
G0157,8,0.2511,0.0
G0157,9,0.5673,0.0
G0157,10,0.8865999999999999,0.0
G0157,11,1.1532,0.0
G0157,12,1.3299,0.0
G0157,13,1.4043,0.0
G0157,14,1.3516,0.0
G0157,15,1.3144,0.0
G0157,16,1.085,0.0
G0157,17,0.9176,0.0
G0157,18,0.6169,0.0
G0157,19,0.3596,0.0
G0157,20,0.1178,0.0
G0157,21,0.015499999999999998,0.0
G0157,22,0.0,0.0
G0157,23,0.0,0.0
G0157,24,0.0,0.0
G0163,1,0.0,0.0
G0163,2,0.0,0.0
G0163,3,0.0,0.0
G0163,4,0.0,0.0
G0163,5,0.0,0.0
G0163,6,0.0,0.0
G0163,7,0.056999999999999995,0.0
G0163,8,0.243,0.0
G0163,9,0.549,0.0
G0163,10,0.8579999999999999,0.0
G0163,11,1.116,0.0
G0163,12,1.287,0.0
G0163,13,1.359,0.0
G0163,14,1.308,0.0
G0163,15,1.272,0.0
G0163,16,1.05,0.0
G0163,17,0.8879999999999999,0.0
G0163,18,0.597,0.0
G0163,19,0.348,0.0
G0163,20,0.11399999999999999,0.0
G0163,21,0.015,0.0
G0163,22,0.0,0.0
G0163,23,0.0,0.0
G0163,24,0.0,0.0
G0164,1,0.0,0.0
G0164,2,0.0,0.0
G0164,3,0.0,0.0
G0164,4,0.0,0.0
G0164,5,0.0,0.0
G0164,6,0.0,0.0
G0164,7,0.038,0.0
G0164,8,0.162,0.0
G0164,9,0.366,0.0
G0164,10,0.572,0.0
G0164,11,0.744,0.0
G0164,12,0.858,0.0
G0164,13,0.906,0.0
G0164,14,0.872,0.0
G0164,15,0.848,0.0
G0164,16,0.7,0.0
G0164,17,0.592,0.0
G0164,18,0.398,0.0
G0164,19,0.232,0.0
G0164,20,0.076,0.0
G0164,21,0.01,0.0
G0164,22,0.0,0.0
G0164,23,0.0,0.0
G0164,24,0.0,0.0
G0166,1,0.0,0.0
G0166,2,0.0,0.0
G0166,3,0.0,0.0
G0166,4,0.0,0.0
G0166,5,0.0,0.0
G0166,6,0.0,0.0
G0166,7,0.04560000000000001,0.0
G0166,8,0.1944,0.0
G0166,9,0.4392,0.0
G0166,10,0.6864,0.0
G0166,11,0.8928000000000001,0.0
G0166,12,1.0296,0.0
G0166,13,1.0872,0.0
G0166,14,1.0464,0.0
G0166,15,1.0176,0.0
G0166,16,0.84,0.0
G0166,17,0.7104,0.0
G0166,18,0.4776,0.0
G0166,19,0.2784,0.0
G0166,20,0.09120000000000002,0.0
G0166,21,0.012,0.0
G0166,22,0.0,0.0
G0166,23,0.0,0.0
G0166,24,0.0,0.0
G0173,1,0.0,0.0
G0173,2,0.0,0.0
G0173,3,0.0,0.0
G0173,4,0.0,0.0
G0173,5,0.0,0.0
G0173,6,0.0,0.0
G0173,7,7.2067,0.0
G0173,8,30.7233,0.0
G0173,9,69.4119,0.0
G0173,10,108.4798,0.0
G0173,11,141.0996,0.0
G0173,12,162.7197,0.0
G0173,13,171.8229,0.0
G0173,14,165.3748,0.0
G0173,15,160.8232,0.0
G0173,16,132.755,0.0
G0173,17,112.2728,0.0
G0173,18,75.4807,0.0
G0173,19,43.9988,0.0
G0173,20,14.4134,0.0
G0173,21,1.8965,0.0
G0173,22,0.0,0.0
G0173,23,0.0,0.0
G0173,24,0.0,0.0
G0174,1,0.0,0.0
G0174,2,0.0,0.0
G0174,3,0.0,0.0
G0174,4,0.0,0.0
G0174,5,0.0,0.0
G0174,6,0.0,0.0
G0174,7,0.0247,0.0
G0174,8,0.1053,0.0
G0174,9,0.2379,0.0
G0174,10,0.3718000000000001,0.0
G0174,11,0.4835999999999999,0.0
G0174,12,0.5577,0.0
G0174,13,0.5889,0.0
G0174,14,0.5668,0.0
G0174,15,0.5512,0.0
G0174,16,0.45499999999999996,0.0
G0174,17,0.3848,0.0
G0174,18,0.2587,0.0
G0174,19,0.1508,0.0
G0174,20,0.0494,0.0
G0174,21,0.006499999999999999,0.0
G0174,22,0.0,0.0
G0174,23,0.0,0.0
G0174,24,0.0,0.0
G0179,1,0.0,0.0
G0179,2,0.0,0.0
G0179,3,0.0,0.0
G0179,4,0.0,0.0
G0179,5,0.0,0.0
G0179,6,0.0,0.0
G0179,7,15.080300000000001,0.0
G0179,8,64.2897,0.0
G0179,9,145.2471,0.0
G0179,10,226.9982,0.0
G0179,11,295.2564,0.0
G0179,12,340.4973,0.0
G0179,13,359.5461,0.0
G0179,14,346.0532,0.0
G0179,15,336.5288,0.0
G0179,16,277.795,0.0
G0179,17,234.9352,0.0
G0179,18,157.9463,0.0
G0179,19,92.0692,0.0
G0179,20,30.160600000000002,0.0
G0179,21,3.9685,0.0
G0179,22,0.0,0.0
G0179,23,0.0,0.0
G0179,24,0.0,0.0
G0180,1,0.0,0.0
G0180,2,0.0,0.0
G0180,3,0.0,0.0
G0180,4,0.0,0.0
G0180,5,0.0,0.0
G0180,6,0.0,0.0
G0180,7,1.3889,0.0
G0180,8,5.9211,0.0
G0180,9,13.3773,0.0
G0180,10,20.9066,0.0
G0180,11,27.1932,0.0
G0180,12,31.3599,0.0
G0180,13,33.1143,0.0
G0180,14,31.8716,0.0
G0180,15,30.994400000000002,0.0
G0180,16,25.585,0.0
G0180,17,21.637599999999996,0.0
G0180,18,14.5469,0.0
G0180,19,8.4796,0.0
G0180,20,2.7778,0.0
G0180,21,0.3655,0.0
G0180,22,0.0,0.0
G0180,23,0.0,0.0
G0180,24,0.0,0.0
G0182,1,0.0,0.0
G0182,2,0.0,0.0
G0182,3,0.0,0.0
G0182,4,0.0,0.0
G0182,5,0.0,0.0
G0182,6,0.0,0.0
G0182,7,0.05510000000000001,0.0
G0182,8,0.2349,0.0
G0182,9,0.5307,0.0
G0182,10,0.8294,0.0
G0182,11,1.0788,0.0
G0182,12,1.2441,0.0
G0182,13,1.3137,0.0
G0182,14,1.2644,0.0
G0182,15,1.2296,0.0
G0182,16,1.015,0.0
G0182,17,0.8584,0.0
G0182,18,0.5771,0.0
G0182,19,0.3364,0.0
G0182,20,0.11020000000000002,0.0
G0182,21,0.014499999999999999,0.0
G0182,22,0.0,0.0
G0182,23,0.0,0.0
G0182,24,0.0,0.0
G0186,1,0.0,0.0
G0186,2,0.0,0.0
G0186,3,0.0,0.0
G0186,4,0.0,0.0
G0186,5,0.0,0.0
G0186,6,0.0,0.0
G0186,7,0.9215,0.0
G0186,8,3.9285,0.0
G0186,9,8.8755,0.0
G0186,10,13.871000000000002,0.0
G0186,11,18.042,0.0
G0186,12,20.8065,0.0
G0186,13,21.9705,0.0
G0186,14,21.146,0.0
G0186,15,20.564,0.0
G0186,16,16.975,0.0
G0186,17,14.356,0.0
G0186,18,9.6515,0.0
G0186,19,5.626,0.0
G0186,20,1.843,0.0
G0186,21,0.2425,0.0
G0186,22,0.0,0.0
G0186,23,0.0,0.0
G0186,24,0.0,0.0
G0187,1,0.0,0.0
G0187,2,0.0,0.0
G0187,3,0.0,0.0
G0187,4,0.0,0.0
G0187,5,0.0,0.0
G0187,6,0.0,0.0
G0187,7,0.969,0.0
G0187,8,4.131,0.0
G0187,9,9.333,0.0
G0187,10,14.586000000000002,0.0
G0187,11,18.972,0.0
G0187,12,21.879,0.0
G0187,13,23.103,0.0
G0187,14,22.236,0.0
G0187,15,21.624,0.0
G0187,16,17.85,0.0
G0187,17,15.096,0.0
G0187,18,10.149,0.0
G0187,19,5.916,0.0
G0187,20,1.938,0.0
G0187,21,0.255,0.0
G0187,22,0.0,0.0
G0187,23,0.0,0.0
G0187,24,0.0,0.0
G0191,1,0.0,0.0
G0191,2,0.0,0.0
G0191,3,0.0,0.0
G0191,4,0.0,0.0
G0191,5,0.0,0.0
G0191,6,0.0,0.0
G0191,7,0.2812,0.0
G0191,8,1.1988,0.0
G0191,9,2.7084,0.0
G0191,10,4.2328,0.0
G0191,11,5.5056,0.0
G0191,12,6.3492,0.0
G0191,13,6.7044,0.0
G0191,14,6.4528,0.0
G0191,15,6.2752,0.0
G0191,16,5.18,0.0
G0191,17,4.3808,0.0
G0191,18,2.9452,0.0
G0191,19,1.7168,0.0
G0191,20,0.5624,0.0
G0191,21,0.074,0.0
G0191,22,0.0,0.0
G0191,23,0.0,0.0
G0191,24,0.0,0.0
G0193,1,0.0,0.0
G0193,2,0.0,0.0
G0193,3,0.0,0.0
G0193,4,0.0,0.0
G0193,5,0.0,0.0
G0193,6,0.0,0.0
G0193,7,0.0931,0.0
G0193,8,0.3969,0.0
G0193,9,0.8967,0.0
G0193,10,1.4014,0.0
G0193,11,1.8227999999999998,0.0
G0193,12,2.1021,0.0
G0193,13,2.2197,0.0
G0193,14,2.1364,0.0
G0193,15,2.0776,0.0
G0193,16,1.715,0.0
G0193,17,1.4504000000000001,0.0
G0193,18,0.9751,0.0
G0193,19,0.5684,0.0
G0193,20,0.1862,0.0
G0193,21,0.0245,0.0
G0193,22,0.0,0.0
G0193,23,0.0,0.0
G0193,24,0.0,0.0
G0194,1,0.0,0.0
G0194,2,0.0,0.0
G0194,3,0.0,0.0
G0194,4,0.0,0.0
G0194,5,0.0,0.0
G0194,6,0.0,0.0
G0194,7,0.6194,0.0
G0194,8,2.6406,0.0
G0194,9,5.9658,0.0
G0194,10,9.3236,0.0
G0194,11,12.1272,0.0
G0194,12,13.9854,0.0
G0194,13,14.7678,0.0
G0194,14,14.2136,0.0
G0194,15,13.8224,0.0
G0194,16,11.41,0.0
G0194,17,9.6496,0.0
G0194,18,6.4874,0.0
G0194,19,3.7816,0.0
G0194,20,1.2388,0.0
G0194,21,0.163,0.0
G0194,22,0.0,0.0
G0194,23,0.0,0.0
G0194,24,0.0,0.0
G0196,1,0.0,0.0
G0196,2,0.0,0.0
G0196,3,0.0,0.0
G0196,4,0.0,0.0
G0196,5,0.0,0.0
G0196,6,0.0,0.0
G0196,7,0.8873,0.0
G0196,8,3.7827,0.0
G0196,9,8.5461,0.0
G0196,10,13.3562,0.0
G0196,11,17.3724,0.0
G0196,12,20.0343,0.0
G0196,13,21.1551,0.0
G0196,14,20.3612,0.0
G0196,15,19.8008,0.0
G0196,16,16.345,0.0
G0196,17,13.8232,0.0
G0196,18,9.2933,0.0
G0196,19,5.4172,0.0
G0196,20,1.7746,0.0
G0196,21,0.2335,0.0
G0196,22,0.0,0.0
G0196,23,0.0,0.0
G0196,24,0.0,0.0
G0205,1,0.0,0.0
G0205,2,0.0,0.0
G0205,3,0.0,0.0
G0205,4,0.0,0.0
G0205,5,0.0,0.0
G0205,6,0.0,0.0
G0205,7,2.318,0.0
G0205,8,9.882,0.0
G0205,9,22.326,0.0
G0205,10,34.892,0.0
G0205,11,45.384,0.0
G0205,12,52.338,0.0
G0205,13,55.266,0.0
G0205,14,53.192,0.0
G0205,15,51.728,0.0
G0205,16,42.7,0.0
G0205,17,36.112,0.0
G0205,18,24.278,0.0
G0205,19,14.152,0.0
G0205,20,4.636,0.0
G0205,21,0.61,0.0
G0205,22,0.0,0.0
G0205,23,0.0,0.0
G0205,24,0.0,0.0
G0207,1,0.0,0.0
G0207,2,0.0,0.0
G0207,3,0.0,0.0
G0207,4,0.0,0.0
G0207,5,0.0,0.0
G0207,6,0.0,0.0
G0207,7,0.6251,0.0
G0207,8,2.6649,0.0
G0207,9,6.0207,0.0
G0207,10,9.4094,0.0
G0207,11,12.2388,0.0
G0207,12,14.1141,0.0
G0207,13,14.9037,0.0
G0207,14,14.344400000000002,0.0
G0207,15,13.9496,0.0
G0207,16,11.515,0.0
G0207,17,9.7384,0.0
G0207,18,6.5471,0.0
G0207,19,3.8164,0.0
G0207,20,1.2502,0.0
G0207,21,0.1645,0.0
G0207,22,0.0,0.0
G0207,23,0.0,0.0
G0207,24,0.0,0.0
G0212,1,0.0,0.0
G0212,2,0.0,0.0
G0212,3,0.0,0.0
G0212,4,0.0,0.0
G0212,5,0.0,0.0
G0212,6,0.0,0.0
G0212,7,0.17100000000000004,0.0
G0212,8,0.729,0.0
G0212,9,1.647,0.0
G0212,10,2.574,0.0
G0212,11,3.348,0.0
G0212,12,3.8610000000000007,0.0
G0212,13,4.077,0.0
G0212,14,3.924,0.0
G0212,15,3.816,0.0
G0212,16,3.15,0.0
G0212,17,2.6640000000000006,0.0
G0212,18,1.791,0.0
G0212,19,1.044,0.0
G0212,20,0.3420000000000001,0.0
G0212,21,0.045,0.0
G0212,22,0.0,0.0
G0212,23,0.0,0.0
G0212,24,0.0,0.0
G0217,1,0.0,0.0
G0217,2,0.0,0.0
G0217,3,0.0,0.0
G0217,4,0.0,0.0
G0217,5,0.0,0.0
G0217,6,0.0,0.0
G0217,7,0.20520000000000002,0.0
G0217,8,0.8748000000000001,0.0
G0217,9,1.9763999999999997,0.0
G0217,10,3.0888,0.0
G0217,11,4.0176,0.0
G0217,12,4.6332,0.0
G0217,13,4.8924,0.0
G0217,14,4.7088,0.0
G0217,15,4.5792,0.0
G0217,16,3.78,0.0
G0217,17,3.1968,0.0
G0217,18,2.1492,0.0
G0217,19,1.2528,0.0
G0217,20,0.41040000000000004,0.0
G0217,21,0.05399999999999999,0.0
G0217,22,0.0,0.0
G0217,23,0.0,0.0
G0217,24,0.0,0.0
G0219,1,0.0,0.0
G0219,2,0.0,0.0
G0219,3,0.0,0.0
G0219,4,0.0,0.0
G0219,5,0.0,0.0
G0219,6,0.0,0.0
G0219,7,0.0209,0.0
G0219,8,0.0891,0.0
G0219,9,0.2013,0.0
G0219,10,0.3146,0.0
G0219,11,0.4092,0.0
G0219,12,0.4719,0.0
G0219,13,0.4983,0.0
G0219,14,0.4796,0.0
G0219,15,0.4664,0.0
G0219,16,0.385,0.0
G0219,17,0.3256,0.0
G0219,18,0.2189,0.0
G0219,19,0.1276,0.0
G0219,20,0.0418,0.0
G0219,21,0.0055,0.0
G0219,22,0.0,0.0
G0219,23,0.0,0.0
G0219,24,0.0,0.0
G0231,1,0.0,0.0
G0231,2,0.0,0.0
G0231,3,0.0,0.0
G0231,4,0.0,0.0
G0231,5,0.0,0.0
G0231,6,0.0,0.0
G0231,7,4.902,0.0
G0231,8,20.898,0.0
G0231,9,47.214,0.0
G0231,10,73.788,0.0
G0231,11,95.976,0.0
G0231,12,110.682,0.0
G0231,13,116.874,0.0
G0231,14,112.488,0.0
G0231,15,109.392,0.0
G0231,16,90.3,0.0
G0231,17,76.368,0.0
G0231,18,51.342,0.0
G0231,19,29.928,0.0
G0231,20,9.804,0.0
G0231,21,1.29,0.0
G0231,22,0.0,0.0
G0231,23,0.0,0.0
G0231,24,0.0,0.0
G0234,1,0.0,0.0
G0234,2,0.0,0.0
G0234,3,0.0,0.0
G0234,4,0.0,0.0
G0234,5,0.0,0.0
G0234,6,0.0,0.0
G0234,7,2.4206,0.0
G0234,8,10.3194,0.0
G0234,9,23.3142,0.0
G0234,10,36.4364,0.0
G0234,11,47.3928,0.0
G0234,12,54.6546,0.0
G0234,13,57.7122,0.0
G0234,14,55.5464,0.0
G0234,15,54.0176,0.0
G0234,16,44.59,0.0
G0234,17,37.7104,0.0
G0234,18,25.3526,0.0
G0234,19,14.7784,0.0
G0234,20,4.8412,0.0
G0234,21,0.637,0.0
G0234,22,0.0,0.0
G0234,23,0.0,0.0
G0234,24,0.0,0.0
G0236,1,0.0,0.0
G0236,2,0.0,0.0
G0236,3,0.0,0.0
G0236,4,0.0,0.0
G0236,5,0.0,0.0
G0236,6,0.0,0.0
G0236,7,1.121,0.0
G0236,8,4.779,0.0
G0236,9,10.797,0.0
G0236,10,16.874,0.0
G0236,11,21.948,0.0
G0236,12,25.311,0.0
G0236,13,26.727,0.0
G0236,14,25.724,0.0
G0236,15,25.016,0.0
G0236,16,20.65,0.0
G0236,17,17.464,0.0
G0236,18,11.741,0.0
G0236,19,6.844,0.0
G0236,20,2.242,0.0
G0236,21,0.295,0.0
G0236,22,0.0,0.0
G0236,23,0.0,0.0
G0236,24,0.0,0.0
G0237,1,0.0,0.0
G0237,2,0.0,0.0
G0237,3,0.0,0.0
G0237,4,0.0,0.0
G0237,5,0.0,0.0
G0237,6,0.0,0.0
G0237,7,0.7828,0.0
G0237,8,3.3372,0.0
G0237,9,7.5396,0.0
G0237,10,11.783199999999999,0.0
G0237,11,15.326399999999998,0.0
G0237,12,17.6748,0.0
G0237,13,18.6636,0.0
G0237,14,17.9632,0.0
G0237,15,17.4688,0.0
G0237,16,14.42,0.0
G0237,17,12.1952,0.0
G0237,18,8.1988,0.0
G0237,19,4.7792,0.0
G0237,20,1.5656,0.0
G0237,21,0.206,0.0
G0237,22,0.0,0.0
G0237,23,0.0,0.0
G0237,24,0.0,0.0
G0238,1,0.0,0.0
G0238,2,0.0,0.0
G0238,3,0.0,0.0
G0238,4,0.0,0.0
G0238,5,0.0,0.0
G0238,6,0.0,0.0
G0238,7,1.1761,0.0
G0238,8,5.0139,0.0
G0238,9,11.3277,0.0
G0238,10,17.7034,0.0
G0238,11,23.0268,0.0
G0238,12,26.5551,0.0
G0238,13,28.0407,0.0
G0238,14,26.9884,0.0
G0238,15,26.2456,0.0
G0238,16,21.665,0.0
G0238,17,18.3224,0.0
G0238,18,12.3181,0.0
G0238,19,7.1804,0.0
G0238,20,2.3522,0.0
G0238,21,0.3095,0.0
G0238,22,0.0,0.0
G0238,23,0.0,0.0
G0238,24,0.0,0.0
G0239,1,0.0,0.0
G0239,2,0.0,0.0
G0239,3,0.0,0.0
G0239,4,0.0,0.0
G0239,5,0.0,0.0
G0239,6,0.0,0.0
G0239,7,2.1128,0.0
G0239,8,9.0072,0.0
G0239,9,20.3496,0.0
G0239,10,31.803199999999997,0.0
G0239,11,41.3664,0.0
G0239,12,47.7048,0.0
G0239,13,50.3736,0.0
G0239,14,48.4832,0.0
G0239,15,47.1488,0.0
G0239,16,38.92,0.0
G0239,17,32.9152,0.0
G0239,18,22.1288,0.0
G0239,19,12.8992,0.0
G0239,20,4.2256,0.0
G0239,21,0.556,0.0
G0239,22,0.0,0.0
G0239,23,0.0,0.0
G0239,24,0.0,0.0
G0241,1,0.0,0.0
G0241,2,0.0,0.0
G0241,3,0.0,0.0
G0241,4,0.0,0.0
G0241,5,0.0,0.0
G0241,6,0.0,0.0
G0241,7,2.9944,0.0
G0241,8,12.7656,0.0
G0241,9,28.8408,0.0
G0241,10,45.07359999999999,0.0
G0241,11,58.62720000000001,0.0
G0241,12,67.6104,0.0
G0241,13,71.3928,0.0
G0241,14,68.7136,0.0
G0241,15,66.8224,0.0
G0241,16,55.16,0.0
G0241,17,46.6496,0.0
G0241,18,31.3624,0.0
G0241,19,18.2816,0.0
G0241,20,5.9888,0.0
G0241,21,0.788,0.0
G0241,22,0.0,0.0
G0241,23,0.0,0.0
G0241,24,0.0,0.0
G0242,1,0.0,0.0
G0242,2,0.0,0.0
G0242,3,0.0,0.0
G0242,4,0.0,0.0
G0242,5,0.0,0.0
G0242,6,0.0,0.0
G0242,7,1.5409,0.0
G0242,8,6.5691,0.0
G0242,9,14.8413,0.0
G0242,10,23.1946,0.0
G0242,11,30.169200000000004,0.0
G0242,12,34.7919,0.0
G0242,13,36.7383,0.0
G0242,14,35.3596,0.0
G0242,15,34.3864,0.0
G0242,16,28.385,0.0
G0242,17,24.0056,0.0
G0242,18,16.1389,0.0
G0242,19,9.4076,0.0
G0242,20,3.0818,0.0
G0242,21,0.4055,0.0
G0242,22,0.0,0.0
G0242,23,0.0,0.0
G0242,24,0.0,0.0
G0244,1,0.0,0.0
G0244,2,0.0,0.0
G0244,3,0.0,0.0
G0244,4,0.0,0.0
G0244,5,0.0,0.0
G0244,6,0.0,0.0
G0244,7,2.014,0.0
G0244,8,8.586,0.0
G0244,9,19.398,0.0
G0244,10,30.316,0.0
G0244,11,39.432,0.0
G0244,12,45.474,0.0
G0244,13,48.018,0.0
G0244,14,46.216,0.0
G0244,15,44.944,0.0
G0244,16,37.1,0.0
G0244,17,31.375999999999998,0.0
G0244,18,21.094,0.0
G0244,19,12.296,0.0
G0244,20,4.028,0.0
G0244,21,0.53,0.0
G0244,22,0.0,0.0
G0244,23,0.0,0.0
G0244,24,0.0,0.0
G0245,1,0.0,0.0
G0245,2,0.0,0.0
G0245,3,0.0,0.0
G0245,4,0.0,0.0
G0245,5,0.0,0.0
G0245,6,0.0,0.0
G0245,7,0.2698,0.0
G0245,8,1.1502,0.0
G0245,9,2.5986,0.0
G0245,10,4.0612,0.0
G0245,11,5.2824,0.0
G0245,12,6.0918,0.0
G0245,13,6.4326,0.0
G0245,14,6.1912,0.0
G0245,15,6.0208,0.0
G0245,16,4.97,0.0
G0245,17,4.2032,0.0
G0245,18,2.8258,0.0
G0245,19,1.6472,0.0
G0245,20,0.5396,0.0
G0245,21,0.071,0.0
G0245,22,0.0,0.0
G0245,23,0.0,0.0
G0245,24,0.0,0.0
G0246,1,0.0,0.0
G0246,2,0.0,0.0
G0246,3,0.0,0.0
G0246,4,0.0,0.0
G0246,5,0.0,0.0
G0246,6,0.0,0.0
G0246,7,0.2774,0.0
G0246,8,1.1826,0.0
G0246,9,2.6718,0.0
G0246,10,4.1756,0.0
G0246,11,5.4312,0.0
G0246,12,6.2634,0.0
G0246,13,6.6138,0.0
G0246,14,6.3656,0.0
G0246,15,6.1904,0.0
G0246,16,5.11,0.0
G0246,17,4.3216,0.0
G0246,18,2.9054,0.0
G0246,19,1.6936,0.0
G0246,20,0.5548,0.0
G0246,21,0.073,0.0
G0246,22,0.0,0.0
G0246,23,0.0,0.0
G0246,24,0.0,0.0
G0247,1,0.0,0.0
G0247,2,0.0,0.0
G0247,3,0.0,0.0
G0247,4,0.0,0.0
G0247,5,0.0,0.0
G0247,6,0.0,0.0
G0247,7,0.95,0.0
G0247,8,4.05,0.0
G0247,9,9.15,0.0
G0247,10,14.3,0.0
G0247,11,18.6,0.0
G0247,12,21.45,0.0
G0247,13,22.65,0.0
G0247,14,21.8,0.0
G0247,15,21.2,0.0
G0247,16,17.5,0.0
G0247,17,14.800000000000002,0.0
G0247,18,9.95,0.0
G0247,19,5.8,0.0
G0247,20,1.9,0.0
G0247,21,0.25,0.0
G0247,22,0.0,0.0
G0247,23,0.0,0.0
G0247,24,0.0,0.0
G0248,1,0.0,0.0
G0248,2,0.0,0.0
G0248,3,0.0,0.0
G0248,4,0.0,0.0
G0248,5,0.0,0.0
G0248,6,0.0,0.0
G0248,7,0.475,0.0
G0248,8,2.025,0.0
G0248,9,4.575,0.0
G0248,10,7.15,0.0
G0248,11,9.3,0.0
G0248,12,10.725,0.0
G0248,13,11.325,0.0
G0248,14,10.9,0.0
G0248,15,10.6,0.0
G0248,16,8.75,0.0
G0248,17,7.400000000000001,0.0
G0248,18,4.975,0.0
G0248,19,2.9,0.0
G0248,20,0.95,0.0
G0248,21,0.125,0.0
G0248,22,0.0,0.0
G0248,23,0.0,0.0
G0248,24,0.0,0.0
G0251,1,0.0,0.0
G0251,2,0.0,0.0
G0251,3,0.0,0.0
G0251,4,0.0,0.0
G0251,5,0.0,0.0
G0251,6,0.0,0.0
G0251,7,7.7501,0.0
G0251,8,33.0399,0.0
G0251,9,74.6457,0.0
G0251,10,116.6594,0.0
G0251,11,151.7388,0.0
G0251,12,174.9891,0.0
G0251,13,184.7787,0.0
G0251,14,177.8444,0.0
G0251,15,172.9496,0.0
G0251,16,142.765,0.0
G0251,17,120.73839999999998,0.0
G0251,18,81.1721,0.0
G0251,19,47.3164,0.0
G0251,20,15.5002,0.0
G0251,21,2.0395,0.0
G0251,22,0.0,0.0
G0251,23,0.0,0.0
G0251,24,0.0,0.0
G0252,1,0.0,0.0
G0252,2,0.0,0.0
G0252,3,0.0,0.0
G0252,4,0.0,0.0
G0252,5,0.0,0.0
G0252,6,0.0,0.0
G0252,7,2.831,0.0
G0252,8,12.069,0.0
G0252,9,27.267,0.0
G0252,10,42.614,0.0
G0252,11,55.428,0.0
G0252,12,63.921,0.0
G0252,13,67.497,0.0
G0252,14,64.964,0.0
G0252,15,63.175999999999995,0.0
G0252,16,52.15,0.0
G0252,17,44.104,0.0
G0252,18,29.651,0.0
G0252,19,17.284,0.0
G0252,20,5.662,0.0
G0252,21,0.745,0.0
G0252,22,0.0,0.0
G0252,23,0.0,0.0
G0252,24,0.0,0.0
G0253,1,0.0,0.0
G0253,2,0.0,0.0
G0253,3,0.0,0.0
G0253,4,0.0,0.0
G0253,5,0.0,0.0
G0253,6,0.0,0.0
G0253,7,7.3169,0.0
G0253,8,31.1931,0.0
G0253,9,70.4733,0.0
G0253,10,110.1386,0.0
G0253,11,143.2572,0.0
G0253,12,165.2079,0.0
G0253,13,174.4503,0.0
G0253,14,167.9036,0.0
G0253,15,163.2824,0.0
G0253,16,134.785,0.0
G0253,17,113.9896,0.0
G0253,18,76.6349,0.0
G0253,19,44.6716,0.0
G0253,20,14.6338,0.0
G0253,21,1.9255000000000002,0.0
G0253,22,0.0,0.0
G0253,23,0.0,0.0
G0253,24,0.0,0.0
G0265,1,0.0,0.0
G0265,2,0.0,0.0
G0265,3,0.0,0.0
G0265,4,0.0,0.0
G0265,5,0.0,0.0
G0265,6,0.0,0.0
G0265,7,0.7809,0.0
G0265,8,3.3291000000000004,0.0
G0265,9,7.5213,0.0
G0265,10,11.7546,0.0
G0265,11,15.289199999999997,0.0
G0265,12,17.6319,0.0
G0265,13,18.6183,0.0
G0265,14,17.9196,0.0
G0265,15,17.4264,0.0
G0265,16,14.385,0.0
G0265,17,12.1656,0.0
G0265,18,8.1789,0.0
G0265,19,4.7676,0.0
G0265,20,1.5618,0.0
G0265,21,0.2055,0.0
G0265,22,0.0,0.0
G0265,23,0.0,0.0
G0265,24,0.0,0.0
G0267,1,0.0,0.0
G0267,2,0.0,0.0
G0267,3,0.0,0.0
G0267,4,0.0,0.0
G0267,5,0.0,0.0
G0267,6,0.0,0.0
G0267,7,1.7803,0.0
G0267,8,7.589699999999999,0.0
G0267,9,17.1471,0.0
G0267,10,26.798200000000005,0.0
G0267,11,34.8564,0.0
G0267,12,40.1973,0.0
G0267,13,42.4461,0.0
G0267,14,40.8532,0.0
G0267,15,39.7288,0.0
G0267,16,32.795,0.0
G0267,17,27.7352,0.0
G0267,18,18.6463,0.0
G0267,19,10.8692,0.0
G0267,20,3.5606,0.0
G0267,21,0.4685,0.0
G0267,22,0.0,0.0
G0267,23,0.0,0.0
G0267,24,0.0,0.0
G0268,1,0.0,0.0
G0268,2,0.0,0.0
G0268,3,0.0,0.0
G0268,4,0.0,0.0
G0268,5,0.0,0.0
G0268,6,0.0,0.0
G0268,7,0.08550000000000002,0.0
G0268,8,0.3645,0.0
G0268,9,0.8235,0.0
G0268,10,1.287,0.0
G0268,11,1.674,0.0
G0268,12,1.9305000000000003,0.0
G0268,13,2.0385,0.0
G0268,14,1.962,0.0
G0268,15,1.908,0.0
G0268,16,1.575,0.0
G0268,17,1.3320000000000003,0.0
G0268,18,0.8955,0.0
G0268,19,0.522,0.0
G0268,20,0.17100000000000004,0.0
G0268,21,0.0225,0.0
G0268,22,0.0,0.0
G0268,23,0.0,0.0
G0268,24,0.0,0.0
G0269,1,0.0,0.0
G0269,2,0.0,0.0
G0269,3,0.0,0.0
G0269,4,0.0,0.0
G0269,5,0.0,0.0
G0269,6,0.0,0.0
G0269,7,0.2508,0.0
G0269,8,1.0692,0.0
G0269,9,2.4156,0.0
G0269,10,3.7752000000000003,0.0
G0269,11,4.9104,0.0
G0269,12,5.6628,0.0
G0269,13,5.9796,0.0
G0269,14,5.7552,0.0
G0269,15,5.5968,0.0
G0269,16,4.62,0.0
G0269,17,3.9072000000000005,0.0
G0269,18,2.6268,0.0
G0269,19,1.5312,0.0
G0269,20,0.5016,0.0
G0269,21,0.066,0.0
G0269,22,0.0,0.0
G0269,23,0.0,0.0
G0269,24,0.0,0.0
G0270,1,0.0,0.0
G0270,2,0.0,0.0
G0270,3,0.0,0.0
G0270,4,0.0,0.0
G0270,5,0.0,0.0
G0270,6,0.0,0.0
G0270,7,1.6549000000000003,0.0
G0270,8,7.055100000000001,0.0
G0270,9,15.9393,0.0
G0270,10,24.910600000000002,0.0
G0270,11,32.4012,0.0
G0270,12,37.3659,0.0
G0270,13,39.4563,0.0
G0270,14,37.9756,0.0
G0270,15,36.9304,0.0
G0270,16,30.485,0.0
G0270,17,25.7816,0.0
G0270,18,17.3329,0.0
G0270,19,10.1036,0.0
G0270,20,3.3098000000000005,0.0
G0270,21,0.4355,0.0
G0270,22,0.0,0.0
G0270,23,0.0,0.0
G0270,24,0.0,0.0
G0271,1,0.0,0.0
G0271,2,0.0,0.0
G0271,3,0.0,0.0
G0271,4,0.0,0.0
G0271,5,0.0,0.0
G0271,6,0.0,0.0
G0271,7,0.1634,0.0
G0271,8,0.6966,0.0
G0271,9,1.5738,0.0
G0271,10,2.4596,0.0
G0271,11,3.1992,0.0
G0271,12,3.6893999999999996,0.0
G0271,13,3.8958,0.0
G0271,14,3.7496,0.0
G0271,15,3.6464,0.0
G0271,16,3.01,0.0
G0271,17,2.5456,0.0
G0271,18,1.7114,0.0
G0271,19,0.9976,0.0
G0271,20,0.3268,0.0
G0271,21,0.043,0.0
G0271,22,0.0,0.0
G0271,23,0.0,0.0
G0271,24,0.0,0.0
G0273,1,0.0,0.0
G0273,2,0.0,0.0
G0273,3,0.0,0.0
G0273,4,0.0,0.0
G0273,5,0.0,0.0
G0273,6,0.0,0.0
G0273,7,1.1761,0.0
G0273,8,5.0139,0.0
G0273,9,11.3277,0.0
G0273,10,17.7034,0.0
G0273,11,23.0268,0.0
G0273,12,26.5551,0.0
G0273,13,28.0407,0.0
G0273,14,26.9884,0.0
G0273,15,26.2456,0.0
G0273,16,21.665,0.0
G0273,17,18.3224,0.0
G0273,18,12.3181,0.0
G0273,19,7.1804,0.0
G0273,20,2.3522,0.0
G0273,21,0.3095,0.0
G0273,22,0.0,0.0
G0273,23,0.0,0.0
G0273,24,0.0,0.0
G0275,1,0.0,0.0
G0275,2,0.0,0.0
G0275,3,0.0,0.0
G0275,4,0.0,0.0
G0275,5,0.0,0.0
G0275,6,0.0,0.0
G0275,7,11.9719,0.0
G0275,8,51.0381,0.0
G0275,9,115.3083,0.0
G0275,10,180.2086,0.0
G0275,11,234.3972,0.0
G0275,12,270.3129,0.0
G0275,13,285.4353,0.0
G0275,14,274.7236,0.0
G0275,15,267.1624,0.0
G0275,16,220.535,0.0
G0275,17,186.5096,0.0
G0275,18,125.3899,0.0
G0275,19,73.0916,0.0
G0275,20,23.9438,0.0
G0275,21,3.1505,0.0
G0275,22,0.0,0.0
G0275,23,0.0,0.0
G0275,24,0.0,0.0
G0277,1,0.0,0.0
G0277,2,0.0,0.0
G0277,3,0.0,0.0
G0277,4,0.0,0.0
G0277,5,0.0,0.0
G0277,6,0.0,0.0
G0277,7,3.819,0.0
G0277,8,16.281,0.0
G0277,9,36.783,0.0
G0277,10,57.486,0.0
G0277,11,74.772,0.0
G0277,12,86.229,0.0
G0277,13,91.053,0.0
G0277,14,87.636,0.0
G0277,15,85.224,0.0
G0277,16,70.35,0.0
G0277,17,59.495999999999995,0.0
G0277,18,39.999,0.0
G0277,19,23.316,0.0
G0277,20,7.638,0.0
G0277,21,1.005,0.0
G0277,22,0.0,0.0
G0277,23,0.0,0.0
G0277,24,0.0,0.0
G0278,1,0.0,0.0
G0278,2,0.0,0.0
G0278,3,0.0,0.0
G0278,4,0.0,0.0
G0278,5,0.0,0.0
G0278,6,0.0,0.0
G0278,7,1.6226,0.0
G0278,8,6.9174,0.0
G0278,9,15.628200000000001,0.0
G0278,10,24.4244,0.0
G0278,11,31.7688,0.0
G0278,12,36.6366,0.0
G0278,13,38.6862,0.0
G0278,14,37.2344,0.0
G0278,15,36.2096,0.0
G0278,16,29.89,0.0
G0278,17,25.2784,0.0
G0278,18,16.9946,0.0
G0278,19,9.9064,0.0
G0278,20,3.2452,0.0
G0278,21,0.427,0.0
G0278,22,0.0,0.0
G0278,23,0.0,0.0
G0278,24,0.0,0.0
G0282,1,0.0,0.0
G0282,2,0.0,0.0
G0282,3,0.0,0.0
G0282,4,0.0,0.0
G0282,5,0.0,0.0
G0282,6,0.0,0.0
G0282,7,0.9709,0.0
G0282,8,4.1391,0.0
G0282,9,9.3513,0.0
G0282,10,14.6146,0.0
G0282,11,19.0092,0.0
G0282,12,21.9219,0.0
G0282,13,23.1483,0.0
G0282,14,22.2796,0.0
G0282,15,21.6664,0.0
G0282,16,17.885,0.0
G0282,17,15.1256,0.0
G0282,18,10.1689,0.0
G0282,19,5.9276,0.0
G0282,20,1.9418,0.0
G0282,21,0.2555,0.0
G0282,22,0.0,0.0
G0282,23,0.0,0.0
G0282,24,0.0,0.0
G0287,1,0.0,0.0
G0287,2,0.0,0.0
G0287,3,0.0,0.0
G0287,4,0.0,0.0
G0287,5,0.0,0.0
G0287,6,0.0,0.0
G0287,7,0.0247,0.0
G0287,8,0.1053,0.0
G0287,9,0.2379,0.0
G0287,10,0.3718000000000001,0.0
G0287,11,0.4835999999999999,0.0
G0287,12,0.5577,0.0
G0287,13,0.5889,0.0
G0287,14,0.5668,0.0
G0287,15,0.5512,0.0
G0287,16,0.45499999999999996,0.0
G0287,17,0.3848,0.0
G0287,18,0.2587,0.0
G0287,19,0.1508,0.0
G0287,20,0.0494,0.0
G0287,21,0.006499999999999999,0.0
G0287,22,0.0,0.0
G0287,23,0.0,0.0
G0287,24,0.0,0.0
G0291,1,0.0,0.0
G0291,2,0.0,0.0
G0291,3,0.0,0.0
G0291,4,0.0,0.0
G0291,5,0.0,0.0
G0291,6,0.0,0.0
G0291,7,0.6194,0.0
G0291,8,2.6406,0.0
G0291,9,5.9658,0.0
G0291,10,9.3236,0.0
G0291,11,12.1272,0.0
G0291,12,13.9854,0.0
G0291,13,14.7678,0.0
G0291,14,14.2136,0.0
G0291,15,13.8224,0.0
G0291,16,11.41,0.0
G0291,17,9.6496,0.0
G0291,18,6.4874,0.0
G0291,19,3.7816,0.0
G0291,20,1.2388,0.0
G0291,21,0.163,0.0
G0291,22,0.0,0.0
G0291,23,0.0,0.0
G0291,24,0.0,0.0
G0292,1,0.0,0.0
G0292,2,0.0,0.0
G0292,3,0.0,0.0
G0292,4,0.0,0.0
G0292,5,0.0,0.0
G0292,6,0.0,0.0
G0292,7,0.038,0.0
G0292,8,0.162,0.0
G0292,9,0.366,0.0
G0292,10,0.572,0.0
G0292,11,0.744,0.0
G0292,12,0.858,0.0
G0292,13,0.906,0.0
G0292,14,0.872,0.0
G0292,15,0.848,0.0
G0292,16,0.7,0.0
G0292,17,0.592,0.0
G0292,18,0.398,0.0
G0292,19,0.232,0.0
G0292,20,0.076,0.0
G0292,21,0.01,0.0
G0292,22,0.0,0.0
G0292,23,0.0,0.0
G0292,24,0.0,0.0
G0296,1,0.0,0.0
G0296,2,0.0,0.0
G0296,3,0.0,0.0
G0296,4,0.0,0.0
G0296,5,0.0,0.0
G0296,6,0.0,0.0
G0296,7,0.5149,0.0
G0296,8,2.1951,0.0
G0296,9,4.9593,0.0
G0296,10,7.7505999999999995,0.0
G0296,11,10.0812,0.0
G0296,12,11.6259,0.0
G0296,13,12.2763,0.0
G0296,14,11.8156,0.0
G0296,15,11.4904,0.0
G0296,16,9.485,0.0
G0296,17,8.0216,0.0
G0296,18,5.3929,0.0
G0296,19,3.1436,0.0
G0296,20,1.0298,0.0
G0296,21,0.1355,0.0
G0296,22,0.0,0.0
G0296,23,0.0,0.0
G0296,24,0.0,0.0
G0297,1,0.0,0.0
G0297,2,0.0,0.0
G0297,3,0.0,0.0
G0297,4,0.0,0.0
G0297,5,0.0,0.0
G0297,6,0.0,0.0
G0297,7,0.11969999999999999,0.0
G0297,8,0.5103,0.0
G0297,9,1.1529,0.0
G0297,10,1.8018,0.0
G0297,11,2.3436,0.0
G0297,12,2.7027,0.0
G0297,13,2.8539,0.0
G0297,14,2.7468,0.0
G0297,15,2.6712,0.0
G0297,16,2.205,0.0
G0297,17,1.8647999999999998,0.0
G0297,18,1.2537,0.0
G0297,19,0.7308,0.0
G0297,20,0.23939999999999997,0.0
G0297,21,0.0315,0.0
G0297,22,0.0,0.0
G0297,23,0.0,0.0
G0297,24,0.0,0.0
G0298,1,0.0,0.0
G0298,2,0.0,0.0
G0298,3,0.0,0.0
G0298,4,0.0,0.0
G0298,5,0.0,0.0
G0298,6,0.0,0.0
G0298,7,1.0545,0.0
G0298,8,4.4955,0.0
G0298,9,10.1565,0.0
G0298,10,15.873,0.0
G0298,11,20.646,0.0
G0298,12,23.8095,0.0
G0298,13,25.1415,0.0
G0298,14,24.198,0.0
G0298,15,23.532,0.0
G0298,16,19.425,0.0
G0298,17,16.428,0.0
G0298,18,11.0445,0.0
G0298,19,6.438,0.0
G0298,20,2.109,0.0
G0298,21,0.2775,0.0
G0298,22,0.0,0.0
G0298,23,0.0,0.0
G0298,24,0.0,0.0
G0299,1,0.0,0.0
G0299,2,0.0,0.0
G0299,3,0.0,0.0
G0299,4,0.0,0.0
G0299,5,0.0,0.0
G0299,6,0.0,0.0
G0299,7,1.2008,0.0
G0299,8,5.1192,0.0
G0299,9,11.5656,0.0
G0299,10,18.0752,0.0
G0299,11,23.5104,0.0
G0299,12,27.1128,0.0
G0299,13,28.6296,0.0
G0299,14,27.5552,0.0
G0299,15,26.7968,0.0
G0299,16,22.12,0.0
G0299,17,18.7072,0.0
G0299,18,12.5768,0.0
G0299,19,7.3312,0.0
G0299,20,2.4016,0.0
G0299,21,0.316,0.0
G0299,22,0.0,0.0
G0299,23,0.0,0.0
G0299,24,0.0,0.0
G0301,1,0.0,0.0
G0301,2,0.0,0.0
G0301,3,0.0,0.0
G0301,4,0.0,0.0
G0301,5,0.0,0.0
G0301,6,0.0,0.0
G0301,7,0.0589,0.0
G0301,8,0.2511,0.0
G0301,9,0.5673,0.0
G0301,10,0.8866000000000002,0.0
G0301,11,1.1532,0.0
G0301,12,1.3299,0.0
G0301,13,1.4043,0.0
G0301,14,1.3516,0.0
G0301,15,1.3144,0.0
G0301,16,1.085,0.0
G0301,17,0.9176,0.0
G0301,18,0.6169,0.0
G0301,19,0.3596,0.0
G0301,20,0.1178,0.0
G0301,21,0.015500000000000002,0.0
G0301,22,0.0,0.0
G0301,23,0.0,0.0
G0301,24,0.0,0.0
G0303,1,0.0,0.0
G0303,2,0.0,0.0
G0303,3,0.0,0.0
G0303,4,0.0,0.0
G0303,5,0.0,0.0
G0303,6,0.0,0.0
G0303,7,1.1628,0.0
G0303,8,4.9572,0.0
G0303,9,11.1996,0.0
G0303,10,17.5032,0.0
G0303,11,22.7664,0.0
G0303,12,26.2548,0.0
G0303,13,27.7236,0.0
G0303,14,26.6832,0.0
G0303,15,25.9488,0.0
G0303,16,21.42,0.0
G0303,17,18.1152,0.0
G0303,18,12.1788,0.0
G0303,19,7.0992,0.0
G0303,20,2.3256,0.0
G0303,21,0.306,0.0
G0303,22,0.0,0.0
G0303,23,0.0,0.0
G0303,24,0.0,0.0
G0305,1,0.0,0.0
G0305,2,0.0,0.0
G0305,3,0.0,0.0
G0305,4,0.0,0.0
G0305,5,0.0,0.0
G0305,6,0.0,0.0
G0305,7,26.619,0.0
G0305,8,113.48100000000001,0.0
G0305,9,256.383,0.0
G0305,10,400.686,0.0
G0305,11,521.172,0.0
G0305,12,601.029,0.0
G0305,13,634.653,0.0
G0305,14,610.836,0.0
G0305,15,594.024,0.0
G0305,16,490.35,0.0
G0305,17,414.6960000000001,0.0
G0305,18,278.799,0.0
G0305,19,162.516,0.0
G0305,20,53.238,0.0
G0305,21,7.005,0.0
G0305,22,0.0,0.0
G0305,23,0.0,0.0
G0305,24,0.0,0.0
G0309,1,0.0,0.0
G0309,2,0.0,0.0
G0309,3,0.0,0.0
G0309,4,0.0,0.0
G0309,5,0.0,0.0
G0309,6,0.0,0.0
G0309,7,1.6055,0.0
G0309,8,6.8445,0.0
G0309,9,15.4635,0.0
G0309,10,24.167,0.0
G0309,11,31.434,0.0
G0309,12,36.2505,0.0
G0309,13,38.2785,0.0
G0309,14,36.842,0.0
G0309,15,35.828,0.0
G0309,16,29.575,0.0
G0309,17,25.012,0.0
G0309,18,16.8155,0.0
G0309,19,9.802,0.0
G0309,20,3.211,0.0
G0309,21,0.4225,0.0
G0309,22,0.0,0.0
G0309,23,0.0,0.0
G0309,24,0.0,0.0
G0310,1,0.0,0.0
G0310,2,0.0,0.0
G0310,3,0.0,0.0
G0310,4,0.0,0.0
G0310,5,0.0,0.0
G0310,6,0.0,0.0
G0310,7,0.1976,0.0
G0310,8,0.8424,0.0
G0310,9,1.9032,0.0
G0310,10,2.9744000000000006,0.0
G0310,11,3.8687999999999994,0.0
G0310,12,4.4616,0.0
G0310,13,4.7112,0.0
G0310,14,4.5344,0.0
G0310,15,4.4096,0.0
G0310,16,3.6399999999999997,0.0
G0310,17,3.0784,0.0
G0310,18,2.0696,0.0
G0310,19,1.2064,0.0
G0310,20,0.3952,0.0
G0310,21,0.05199999999999999,0.0
G0310,22,0.0,0.0
G0310,23,0.0,0.0
G0310,24,0.0,0.0
G0311,1,0.0,0.0
G0311,2,0.0,0.0
G0311,3,0.0,0.0
G0311,4,0.0,0.0
G0311,5,0.0,0.0
G0311,6,0.0,0.0
G0311,7,0.1862,0.0
G0311,8,0.7938,0.0
G0311,9,1.7934,0.0
G0311,10,2.8028,0.0
G0311,11,3.6455999999999995,0.0
G0311,12,4.2042,0.0
G0311,13,4.4394,0.0
G0311,14,4.2728,0.0
G0311,15,4.1552,0.0
G0311,16,3.43,0.0
G0311,17,2.9008000000000003,0.0
G0311,18,1.9502,0.0
G0311,19,1.1368,0.0
G0311,20,0.3724,0.0
G0311,21,0.049,0.0
G0311,22,0.0,0.0
G0311,23,0.0,0.0
G0311,24,0.0,0.0
G0312,1,0.0,0.0
G0312,2,0.0,0.0
G0312,3,0.0,0.0
G0312,4,0.0,0.0
G0312,5,0.0,0.0
G0312,6,0.0,0.0
G0312,7,0.2185,0.0
G0312,8,0.9315,0.0
G0312,9,2.1045,0.0
G0312,10,3.2890000000000006,0.0
G0312,11,4.278,0.0
G0312,12,4.9335,0.0
G0312,13,5.2095,0.0
G0312,14,5.014,0.0
G0312,15,4.876,0.0
G0312,16,4.025,0.0
G0312,17,3.404,0.0
G0312,18,2.2885,0.0
G0312,19,1.334,0.0
G0312,20,0.437,0.0
G0312,21,0.0575,0.0
G0312,22,0.0,0.0
G0312,23,0.0,0.0
G0312,24,0.0,0.0
G0313,1,0.0,0.0
G0313,2,0.0,0.0
G0313,3,0.0,0.0
G0313,4,0.0,0.0
G0313,5,0.0,0.0
G0313,6,0.0,0.0
G0313,7,2.28,0.0
G0313,8,9.72,0.0
G0313,9,21.96,0.0
G0313,10,34.32,0.0
G0313,11,44.64,0.0
G0313,12,51.48,0.0
G0313,13,54.36,0.0
G0313,14,52.32,0.0
G0313,15,50.88,0.0
G0313,16,42.0,0.0
G0313,17,35.52,0.0
G0313,18,23.88,0.0
G0313,19,13.92,0.0
G0313,20,4.56,0.0
G0313,21,0.6,0.0
G0313,22,0.0,0.0
G0313,23,0.0,0.0
G0313,24,0.0,0.0
G0316,1,0.0,0.0
G0316,2,0.0,0.0
G0316,3,0.0,0.0
G0316,4,0.0,0.0
G0316,5,0.0,0.0
G0316,6,0.0,0.0
G0316,7,0.703,0.0
G0316,8,2.997,0.0
G0316,9,6.771,0.0
G0316,10,10.582,0.0
G0316,11,13.764,0.0
G0316,12,15.873,0.0
G0316,13,16.761,0.0
G0316,14,16.132,0.0
G0316,15,15.688000000000002,0.0
G0316,16,12.95,0.0
G0316,17,10.952,0.0
G0316,18,7.363,0.0
G0316,19,4.292,0.0
G0316,20,1.406,0.0
G0316,21,0.185,0.0
G0316,22,0.0,0.0
G0316,23,0.0,0.0
G0316,24,0.0,0.0
G0317,1,0.0,0.0
G0317,2,0.0,0.0
G0317,3,0.0,0.0
G0317,4,0.0,0.0
G0317,5,0.0,0.0
G0317,6,0.0,0.0
G0317,7,0.0874,0.0
G0317,8,0.3726,0.0
G0317,9,0.8418,0.0
G0317,10,1.3156,0.0
G0317,11,1.7112,0.0
G0317,12,1.9734,0.0
G0317,13,2.0838,0.0
G0317,14,2.0056,0.0
G0317,15,1.9503999999999997,0.0
G0317,16,1.61,0.0
G0317,17,1.3616,0.0
G0317,18,0.9154,0.0
G0317,19,0.5336,0.0
G0317,20,0.1748,0.0
G0317,21,0.023,0.0
G0317,22,0.0,0.0
G0317,23,0.0,0.0
G0317,24,0.0,0.0
G0318,1,0.0,0.0
G0318,2,0.0,0.0
G0318,3,0.0,0.0
G0318,4,0.0,0.0
G0318,5,0.0,0.0
G0318,6,0.0,0.0
G0318,7,1.8829000000000002,0.0
G0318,8,8.0271,0.0
G0318,9,18.1353,0.0
G0318,10,28.3426,0.0
G0318,11,36.8652,0.0
G0318,12,42.5139,0.0
G0318,13,44.8923,0.0
G0318,14,43.2076,0.0
G0318,15,42.0184,0.0
G0318,16,34.685,0.0
G0318,17,29.333600000000004,0.0
G0318,18,19.7209,0.0
G0318,19,11.4956,0.0
G0318,20,3.7658000000000005,0.0
G0318,21,0.4955,0.0
G0318,22,0.0,0.0
G0318,23,0.0,0.0
G0318,24,0.0,0.0
G0319,1,0.0,0.0
G0319,2,0.0,0.0
G0319,3,0.0,0.0
G0319,4,0.0,0.0
G0319,5,0.0,0.0
G0319,6,0.0,0.0
G0319,7,2.85,0.0
G0319,8,12.15,0.0
G0319,9,27.45,0.0
G0319,10,42.9,0.0
G0319,11,55.8,0.0
G0319,12,64.35,0.0
G0319,13,67.95,0.0
G0319,14,65.4,0.0
G0319,15,63.6,0.0
G0319,16,52.5,0.0
G0319,17,44.4,0.0
G0319,18,29.85,0.0
G0319,19,17.4,0.0
G0319,20,5.7,0.0
G0319,21,0.75,0.0
G0319,22,0.0,0.0
G0319,23,0.0,0.0
G0319,24,0.0,0.0
G0320,1,0.0,0.0
G0320,2,0.0,0.0
G0320,3,0.0,0.0
G0320,4,0.0,0.0
G0320,5,0.0,0.0
G0320,6,0.0,0.0
G0320,7,2.451,0.0
G0320,8,10.449,0.0
G0320,9,23.607,0.0
G0320,10,36.894,0.0
G0320,11,47.988,0.0
G0320,12,55.341,0.0
G0320,13,58.437,0.0
G0320,14,56.244,0.0
G0320,15,54.696,0.0
G0320,16,45.15,0.0
G0320,17,38.184,0.0
G0320,18,25.671,0.0
G0320,19,14.964,0.0
G0320,20,4.902,0.0
G0320,21,0.645,0.0
G0320,22,0.0,0.0
G0320,23,0.0,0.0
G0320,24,0.0,0.0
G0321,1,0.0,0.0
G0321,2,0.0,0.0
G0321,3,0.0,0.0
G0321,4,0.0,0.0
G0321,5,0.0,0.0
G0321,6,0.0,0.0
G0321,7,9.5532,0.0
G0321,8,40.7268,0.0
G0321,9,92.0124,0.0
G0321,10,143.8008,0.0
G0321,11,187.0416,0.0
G0321,12,215.7012,0.0
G0321,13,227.7684,0.0
G0321,14,219.2208,0.0
G0321,15,213.1872,0.0
G0321,16,175.98,0.0
G0321,17,148.8288,0.0
G0321,18,100.0572,0.0
G0321,19,58.3248,0.0
G0321,20,19.1064,0.0
G0321,21,2.514,0.0
G0321,22,0.0,0.0
G0321,23,0.0,0.0
G0321,24,0.0,0.0
G0322,1,0.0,0.0
G0322,2,0.0,0.0
G0322,3,0.0,0.0
G0322,4,0.0,0.0
G0322,5,0.0,0.0
G0322,6,0.0,0.0
G0322,7,0.22799999999999998,0.0
G0322,8,0.972,0.0
G0322,9,2.196,0.0
G0322,10,3.4319999999999995,0.0
G0322,11,4.464,0.0
G0322,12,5.148,0.0
G0322,13,5.436,0.0
G0322,14,5.232,0.0
G0322,15,5.088,0.0
G0322,16,4.2,0.0
G0322,17,3.5519999999999996,0.0
G0322,18,2.388,0.0
G0322,19,1.392,0.0
G0322,20,0.45599999999999996,0.0
G0322,21,0.06,0.0
G0322,22,0.0,0.0
G0322,23,0.0,0.0
G0322,24,0.0,0.0
G0324,1,0.0,0.0
G0324,2,0.0,0.0
G0324,3,0.0,0.0
G0324,4,0.0,0.0
G0324,5,0.0,0.0
G0324,6,0.0,0.0
G0324,7,5.8121,0.0
G0324,8,24.7779,0.0
G0324,9,55.9797,0.0
G0324,10,87.48739999999998,0.0
G0324,11,113.7948,0.0
G0324,12,131.2311,0.0
G0324,13,138.5727,0.0
G0324,14,133.3724,0.0
G0324,15,129.7016,0.0
G0324,16,107.065,0.0
G0324,17,90.5464,0.0
G0324,18,60.8741,0.0
G0324,19,35.4844,0.0
G0324,20,11.6242,0.0
G0324,21,1.5295,0.0
G0324,22,0.0,0.0
G0324,23,0.0,0.0
G0324,24,0.0,0.0
G0325,1,0.0,0.0
G0325,2,0.0,0.0
G0325,3,0.0,0.0
G0325,4,0.0,0.0
G0325,5,0.0,0.0
G0325,6,0.0,0.0
G0325,7,3.4922,0.0
G0325,8,14.887800000000002,0.0
G0325,9,33.6354,0.0
G0325,10,52.5668,0.0
G0325,11,68.3736,0.0
G0325,12,78.8502,0.0
G0325,13,83.2614,0.0
G0325,14,80.1368,0.0
G0325,15,77.9312,0.0
G0325,16,64.33,0.0
G0325,17,54.4048,0.0
G0325,18,36.5762,0.0
G0325,19,21.3208,0.0
G0325,20,6.9844,0.0
G0325,21,0.919,0.0
G0325,22,0.0,0.0
G0325,23,0.0,0.0
G0325,24,0.0,0.0
G0326,1,0.0,0.0
G0326,2,0.0,0.0
G0326,3,0.0,0.0
G0326,4,0.0,0.0
G0326,5,0.0,0.0
G0326,6,0.0,0.0
G0326,7,9.5437,0.0
G0326,8,40.6863,0.0
G0326,9,91.9209,0.0
G0326,10,143.6578,0.0
G0326,11,186.8556,0.0
G0326,12,215.4867,0.0
G0326,13,227.5419,0.0
G0326,14,219.0028,0.0
G0326,15,212.9752,0.0
G0326,16,175.805,0.0
G0326,17,148.6808,0.0
G0326,18,99.9577,0.0
G0326,19,58.2668,0.0
G0326,20,19.0874,0.0
G0326,21,2.5115,0.0
G0326,22,0.0,0.0
G0326,23,0.0,0.0
G0326,24,0.0,0.0
G0327,1,0.0,0.0
G0327,2,0.0,0.0
G0327,3,0.0,0.0
G0327,4,0.0,0.0
G0327,5,0.0,0.0
G0327,6,0.0,0.0
G0327,7,0.0817,0.0
G0327,8,0.3483,0.0
G0327,9,0.7869,0.0
G0327,10,1.2298,0.0
G0327,11,1.5996,0.0
G0327,12,1.8447,0.0
G0327,13,1.9479,0.0
G0327,14,1.8748,0.0
G0327,15,1.8232,0.0
G0327,16,1.505,0.0
G0327,17,1.2728,0.0
G0327,18,0.8557,0.0
G0327,19,0.4988,0.0
G0327,20,0.1634,0.0
G0327,21,0.021499999999999995,0.0
G0327,22,0.0,0.0
G0327,23,0.0,0.0
G0327,24,0.0,0.0
G0330,1,0.0,0.0
G0330,2,0.0,0.0
G0330,3,0.0,0.0
G0330,4,0.0,0.0
G0330,5,0.0,0.0
G0330,6,0.0,0.0
G0330,7,0.57,0.0
G0330,8,2.43,0.0
G0330,9,5.49,0.0
G0330,10,8.58,0.0
G0330,11,11.16,0.0
G0330,12,12.87,0.0
G0330,13,13.59,0.0
G0330,14,13.08,0.0
G0330,15,12.72,0.0
G0330,16,10.5,0.0
G0330,17,8.88,0.0
G0330,18,5.97,0.0
G0330,19,3.48,0.0
G0330,20,1.14,0.0
G0330,21,0.15,0.0
G0330,22,0.0,0.0
G0330,23,0.0,0.0
G0330,24,0.0,0.0
G0332,1,0.0,0.0
G0332,2,0.0,0.0
G0332,3,0.0,0.0
G0332,4,0.0,0.0
G0332,5,0.0,0.0
G0332,6,0.0,0.0
G0332,7,0.0342,0.0
G0332,8,0.1458,0.0
G0332,9,0.3294,0.0
G0332,10,0.5148,0.0
G0332,11,0.6696,0.0
G0332,12,0.7722,0.0
G0332,13,0.8154,0.0
G0332,14,0.7848,0.0
G0332,15,0.7632,0.0
G0332,16,0.63,0.0
G0332,17,0.5328,0.0
G0332,18,0.3582,0.0
G0332,19,0.2088,0.0
G0332,20,0.0684,0.0
G0332,21,0.009,0.0
G0332,22,0.0,0.0
G0332,23,0.0,0.0
G0332,24,0.0,0.0
G0337,1,0.0,0.0
G0337,2,0.0,0.0
G0337,3,0.0,0.0
G0337,4,0.0,0.0
G0337,5,0.0,0.0
G0337,6,0.0,0.0
G0337,7,0.0817,0.0
G0337,8,0.3483,0.0
G0337,9,0.7869,0.0
G0337,10,1.2298,0.0
G0337,11,1.5996,0.0
G0337,12,1.8447,0.0
G0337,13,1.9479,0.0
G0337,14,1.8748,0.0
G0337,15,1.8232,0.0
G0337,16,1.505,0.0
G0337,17,1.2728,0.0
G0337,18,0.8557,0.0
G0337,19,0.4988,0.0
G0337,20,0.1634,0.0
G0337,21,0.021499999999999995,0.0
G0337,22,0.0,0.0
G0337,23,0.0,0.0
G0337,24,0.0,0.0
G0340,1,0.0,0.0
G0340,2,0.0,0.0
G0340,3,0.0,0.0
G0340,4,0.0,0.0
G0340,5,0.0,0.0
G0340,6,0.0,0.0
G0340,7,0.038,0.0
G0340,8,0.162,0.0
G0340,9,0.366,0.0
G0340,10,0.572,0.0
G0340,11,0.744,0.0
G0340,12,0.858,0.0
G0340,13,0.906,0.0
G0340,14,0.872,0.0
G0340,15,0.848,0.0
G0340,16,0.7,0.0
G0340,17,0.592,0.0
G0340,18,0.398,0.0
G0340,19,0.232,0.0
G0340,20,0.076,0.0
G0340,21,0.01,0.0
G0340,22,0.0,0.0
G0340,23,0.0,0.0
G0340,24,0.0,0.0
G0341,1,0.0,0.0
G0341,2,0.0,0.0
G0341,3,0.0,0.0
G0341,4,0.0,0.0
G0341,5,0.0,0.0
G0341,6,0.0,0.0
G0341,7,0.0209,0.0
G0341,8,0.0891,0.0
G0341,9,0.2013,0.0
G0341,10,0.3146,0.0
G0341,11,0.4092,0.0
G0341,12,0.4719,0.0
G0341,13,0.4983,0.0
G0341,14,0.4796,0.0
G0341,15,0.4664,0.0
G0341,16,0.385,0.0
G0341,17,0.3256,0.0
G0341,18,0.2189,0.0
G0341,19,0.1276,0.0
G0341,20,0.0418,0.0
G0341,21,0.0055,0.0
G0341,22,0.0,0.0
G0341,23,0.0,0.0
G0341,24,0.0,0.0
G0343,1,0.0,0.0
G0343,2,0.0,0.0
G0343,3,0.0,0.0
G0343,4,0.0,0.0
G0343,5,0.0,0.0
G0343,6,0.0,0.0
G0343,7,0.0494,0.0
G0343,8,0.2106,0.0
G0343,9,0.4758,0.0
G0343,10,0.7436000000000001,0.0
G0343,11,0.9671999999999998,0.0
G0343,12,1.1154,0.0
G0343,13,1.1778,0.0
G0343,14,1.1336,0.0
G0343,15,1.1024,0.0
G0343,16,0.9099999999999999,0.0
G0343,17,0.7696,0.0
G0343,18,0.5174,0.0
G0343,19,0.3016,0.0
G0343,20,0.0988,0.0
G0343,21,0.012999999999999998,0.0
G0343,22,0.0,0.0
G0343,23,0.0,0.0
G0343,24,0.0,0.0
G0345,1,0.0,0.0
G0345,2,0.0,0.0
G0345,3,0.0,0.0
G0345,4,0.0,0.0
G0345,5,0.0,0.0
G0345,6,0.0,0.0
G0345,7,0.3591,0.0
G0345,8,1.5309,0.0
G0345,9,3.4587,0.0
G0345,10,5.4054,0.0
G0345,11,7.0308,0.0
G0345,12,8.1081,0.0
G0345,13,8.5617,0.0
G0345,14,8.2404,0.0
G0345,15,8.0136,0.0
G0345,16,6.615,0.0
G0345,17,5.5944,0.0
G0345,18,3.7611,0.0
G0345,19,2.1924,0.0
G0345,20,0.7182,0.0
G0345,21,0.0945,0.0
G0345,22,0.0,0.0
G0345,23,0.0,0.0
G0345,24,0.0,0.0
G0347,1,0.0,0.0
G0347,2,0.0,0.0
G0347,3,0.0,0.0
G0347,4,0.0,0.0
G0347,5,0.0,0.0
G0347,6,0.0,0.0
G0347,7,0.2432,0.0
G0347,8,1.0368,0.0
G0347,9,2.3424,0.0
G0347,10,3.6608,0.0
G0347,11,4.7616,0.0
G0347,12,5.4912,0.0
G0347,13,5.7984,0.0
G0347,14,5.5808,0.0
G0347,15,5.4272,0.0
G0347,16,4.48,0.0
G0347,17,3.7888,0.0
G0347,18,2.5472,0.0
G0347,19,1.4848,0.0
G0347,20,0.4864,0.0
G0347,21,0.064,0.0
G0347,22,0.0,0.0
G0347,23,0.0,0.0
G0347,24,0.0,0.0
G0349,1,0.0,0.0
G0349,2,0.0,0.0
G0349,3,0.0,0.0
G0349,4,0.0,0.0
G0349,5,0.0,0.0
G0349,6,0.0,0.0
G0349,7,0.11020000000000002,0.0
G0349,8,0.4698,0.0
G0349,9,1.0614,0.0
G0349,10,1.6588,0.0
G0349,11,2.1576,0.0
G0349,12,2.4882,0.0
G0349,13,2.6274,0.0
G0349,14,2.5288,0.0
G0349,15,2.4592,0.0
G0349,16,2.03,0.0
G0349,17,1.7168,0.0
G0349,18,1.1542,0.0
G0349,19,0.6728,0.0
G0349,20,0.22040000000000004,0.0
G0349,21,0.028999999999999998,0.0
G0349,22,0.0,0.0
G0349,23,0.0,0.0
G0349,24,0.0,0.0
G0350,1,0.0,0.0
G0350,2,0.0,0.0
G0350,3,0.0,0.0
G0350,4,0.0,0.0
G0350,5,0.0,0.0
G0350,6,0.0,0.0
G0350,7,0.022800000000000004,0.0
G0350,8,0.0972,0.0
G0350,9,0.2196,0.0
G0350,10,0.3432,0.0
G0350,11,0.4464000000000001,0.0
G0350,12,0.5148,0.0
G0350,13,0.5436,0.0
G0350,14,0.5232,0.0
G0350,15,0.5088,0.0
G0350,16,0.42,0.0
G0350,17,0.3552,0.0
G0350,18,0.2388,0.0
G0350,19,0.1392,0.0
G0350,20,0.04560000000000001,0.0
G0350,21,0.006,0.0
G0350,22,0.0,0.0
G0350,23,0.0,0.0
G0350,24,0.0,0.0
G0351,1,0.0,0.0
G0351,2,0.0,0.0
G0351,3,0.0,0.0
G0351,4,0.0,0.0
G0351,5,0.0,0.0
G0351,6,0.0,0.0
G0351,7,2.1071,0.0
G0351,8,8.9829,0.0
G0351,9,20.2947,0.0
G0351,10,31.717399999999998,0.0
G0351,11,41.2548,0.0
G0351,12,47.5761,0.0
G0351,13,50.2377,0.0
G0351,14,48.3524,0.0
G0351,15,47.0216,0.0
G0351,16,38.815,0.0
G0351,17,32.8264,0.0
G0351,18,22.0691,0.0
G0351,19,12.8644,0.0
G0351,20,4.2142,0.0
G0351,21,0.5545,0.0
G0351,22,0.0,0.0
G0351,23,0.0,0.0
G0351,24,0.0,0.0
G0352,1,0.0,0.0
G0352,2,0.0,0.0
G0352,3,0.0,0.0
G0352,4,0.0,0.0
G0352,5,0.0,0.0
G0352,6,0.0,0.0
G0352,7,0.022800000000000004,0.0
G0352,8,0.0972,0.0
G0352,9,0.2196,0.0
G0352,10,0.3432,0.0
G0352,11,0.4464000000000001,0.0
G0352,12,0.5148,0.0
G0352,13,0.5436,0.0
G0352,14,0.5232,0.0
G0352,15,0.5088,0.0
G0352,16,0.42,0.0
G0352,17,0.3552,0.0
G0352,18,0.2388,0.0
G0352,19,0.1392,0.0
G0352,20,0.04560000000000001,0.0
G0352,21,0.006,0.0
G0352,22,0.0,0.0
G0352,23,0.0,0.0
G0352,24,0.0,0.0
G0355,1,0.0,0.0
G0355,2,0.0,0.0
G0355,3,0.0,0.0
G0355,4,0.0,0.0
G0355,5,0.0,0.0
G0355,6,0.0,0.0
G0355,7,0.4902,0.0
G0355,8,2.0898,0.0
G0355,9,4.7214,0.0
G0355,10,7.3788,0.0
G0355,11,9.5976,0.0
G0355,12,11.0682,0.0
G0355,13,11.6874,0.0
G0355,14,11.2488,0.0
G0355,15,10.9392,0.0
G0355,16,9.03,0.0
G0355,17,7.6368,0.0
G0355,18,5.1342,0.0
G0355,19,2.9928,0.0
G0355,20,0.9804,0.0
G0355,21,0.129,0.0
G0355,22,0.0,0.0
G0355,23,0.0,0.0
G0355,24,0.0,0.0
G0357,1,0.0,0.0
G0357,2,0.0,0.0
G0357,3,0.0,0.0
G0357,4,0.0,0.0
G0357,5,0.0,0.0
G0357,6,0.0,0.0
G0357,7,0.0361,0.0
G0357,8,0.1539,0.0
G0357,9,0.3477,0.0
G0357,10,0.5434,0.0
G0357,11,0.7068,0.0
G0357,12,0.8151,0.0
G0357,13,0.8607,0.0
G0357,14,0.8284,0.0
G0357,15,0.8056,0.0
G0357,16,0.665,0.0
G0357,17,0.5624,0.0
G0357,18,0.3781,0.0
G0357,19,0.2204,0.0
G0357,20,0.0722,0.0
G0357,21,0.0095,0.0
G0357,22,0.0,0.0
G0357,23,0.0,0.0
G0357,24,0.0,0.0
G0359,1,0.0,0.0
G0359,2,0.0,0.0
G0359,3,0.0,0.0
G0359,4,0.0,0.0
G0359,5,0.0,0.0
G0359,6,0.0,0.0
G0359,7,0.4123,0.0
G0359,8,1.7577,0.0
G0359,9,3.9711,0.0
G0359,10,6.206200000000001,0.0
G0359,11,8.0724,0.0
G0359,12,9.3093,0.0
G0359,13,9.8301,0.0
G0359,14,9.4612,0.0
G0359,15,9.2008,0.0
G0359,16,7.594999999999999,0.0
G0359,17,6.4232,0.0
G0359,18,4.3183,0.0
G0359,19,2.5172,0.0
G0359,20,0.8246,0.0
G0359,21,0.1085,0.0
G0359,22,0.0,0.0
G0359,23,0.0,0.0
G0359,24,0.0,0.0
G0363,1,0.0,0.0
G0363,2,0.0,0.0
G0363,3,0.0,0.0
G0363,4,0.0,0.0
G0363,5,0.0,0.0
G0363,6,0.0,0.0
G0363,7,2.109,0.0
G0363,8,8.991,0.0
G0363,9,20.313,0.0
G0363,10,31.746,0.0
G0363,11,41.292,0.0
G0363,12,47.619,0.0
G0363,13,50.283,0.0
G0363,14,48.396,0.0
G0363,15,47.064,0.0
G0363,16,38.85,0.0
G0363,17,32.856,0.0
G0363,18,22.089,0.0
G0363,19,12.876,0.0
G0363,20,4.218,0.0
G0363,21,0.555,0.0
G0363,22,0.0,0.0
G0363,23,0.0,0.0
G0363,24,0.0,0.0
G0365,1,0.0,0.0
G0365,2,0.0,0.0
G0365,3,0.0,0.0
G0365,4,0.0,0.0
G0365,5,0.0,0.0
G0365,6,0.0,0.0
G0365,7,0.0874,0.0
G0365,8,0.3726,0.0
G0365,9,0.8418,0.0
G0365,10,1.3156,0.0
G0365,11,1.7112,0.0
G0365,12,1.9734,0.0
G0365,13,2.0838,0.0
G0365,14,2.0056,0.0
G0365,15,1.9503999999999997,0.0
G0365,16,1.61,0.0
G0365,17,1.3616,0.0
G0365,18,0.9154,0.0
G0365,19,0.5336,0.0
G0365,20,0.1748,0.0
G0365,21,0.023,0.0
G0365,22,0.0,0.0
G0365,23,0.0,0.0
G0365,24,0.0,0.0
G0366,1,0.0,0.0
G0366,2,0.0,0.0
G0366,3,0.0,0.0
G0366,4,0.0,0.0
G0366,5,0.0,0.0
G0366,6,0.0,0.0
G0366,7,0.1767,0.0
G0366,8,0.7533,0.0
G0366,9,1.7019000000000002,0.0
G0366,10,2.6598,0.0
G0366,11,3.4596000000000005,0.0
G0366,12,3.9897,0.0
G0366,13,4.2129,0.0
G0366,14,4.0548,0.0
G0366,15,3.9432,0.0
G0366,16,3.255,0.0
G0366,17,2.7528,0.0
G0366,18,1.8507,0.0
G0366,19,1.0788,0.0
G0366,20,0.3534,0.0
G0366,21,0.0465,0.0
G0366,22,0.0,0.0
G0366,23,0.0,0.0
G0366,24,0.0,0.0
G0367,1,0.0,0.0
G0367,2,0.0,0.0
G0367,3,0.0,0.0
G0367,4,0.0,0.0
G0367,5,0.0,0.0
G0367,6,0.0,0.0
G0367,7,0.019,0.0
G0367,8,0.081,0.0
G0367,9,0.183,0.0
G0367,10,0.286,0.0
G0367,11,0.372,0.0
G0367,12,0.429,0.0
G0367,13,0.453,0.0
G0367,14,0.436,0.0
G0367,15,0.424,0.0
G0367,16,0.35,0.0
G0367,17,0.296,0.0
G0367,18,0.199,0.0
G0367,19,0.116,0.0
G0367,20,0.038,0.0
G0367,21,0.005,0.0
G0367,22,0.0,0.0
G0367,23,0.0,0.0
G0367,24,0.0,0.0
G0370,1,0.0,0.0
G0370,2,0.0,0.0
G0370,3,0.0,0.0
G0370,4,0.0,0.0
G0370,5,0.0,0.0
G0370,6,0.0,0.0
G0370,7,0.1862,0.0
G0370,8,0.7938,0.0
G0370,9,1.7934,0.0
G0370,10,2.8028,0.0
G0370,11,3.6455999999999995,0.0
G0370,12,4.2042,0.0
G0370,13,4.4394,0.0
G0370,14,4.2728,0.0
G0370,15,4.1552,0.0
G0370,16,3.43,0.0
G0370,17,2.9008000000000003,0.0
G0370,18,1.9502,0.0
G0370,19,1.1368,0.0
G0370,20,0.3724,0.0
G0370,21,0.049,0.0
G0370,22,0.0,0.0
G0370,23,0.0,0.0
G0370,24,0.0,0.0
G0372,1,0.0,0.0
G0372,2,0.0,0.0
G0372,3,0.0,0.0
G0372,4,0.0,0.0
G0372,5,0.0,0.0
G0372,6,0.0,0.0
G0372,7,2.0843,0.0
G0372,8,8.8857,0.0
G0372,9,20.0751,0.0
G0372,10,31.3742,0.0
G0372,11,40.8084,0.0
G0372,12,47.0613,0.0
G0372,13,49.6941,0.0
G0372,14,47.8292,0.0
G0372,15,46.5128,0.0
G0372,16,38.395,0.0
G0372,17,32.4712,0.0
G0372,18,21.8303,0.0
G0372,19,12.7252,0.0
G0372,20,4.1686,0.0
G0372,21,0.5485,0.0
G0372,22,0.0,0.0
G0372,23,0.0,0.0
G0372,24,0.0,0.0
G0374,1,0.0,0.0
G0374,2,0.0,0.0
G0374,3,0.0,0.0
G0374,4,0.0,0.0
G0374,5,0.0,0.0
G0374,6,0.0,0.0
G0374,7,0.1596,0.0
G0374,8,0.6804,0.0
G0374,9,1.5372,0.0
G0374,10,2.4024,0.0
G0374,11,3.1248,0.0
G0374,12,3.6036,0.0
G0374,13,3.8052,0.0
G0374,14,3.6624,0.0
G0374,15,3.5616,0.0
G0374,16,2.94,0.0
G0374,17,2.4864,0.0
G0374,18,1.6716,0.0
G0374,19,0.9744,0.0
G0374,20,0.3192,0.0
G0374,21,0.042,0.0
G0374,22,0.0,0.0
G0374,23,0.0,0.0
G0374,24,0.0,0.0
G0381,1,0.0,0.0
G0381,2,0.0,0.0
G0381,3,0.0,0.0
G0381,4,0.0,0.0
G0381,5,0.0,0.0
G0381,6,0.0,0.0
G0381,7,0.0247,0.0
G0381,8,0.1053,0.0
G0381,9,0.2379,0.0
G0381,10,0.3718000000000001,0.0
G0381,11,0.4835999999999999,0.0
G0381,12,0.5577,0.0
G0381,13,0.5889,0.0
G0381,14,0.5668,0.0
G0381,15,0.5512,0.0
G0381,16,0.45499999999999996,0.0
G0381,17,0.3848,0.0
G0381,18,0.2587,0.0
G0381,19,0.1508,0.0
G0381,20,0.0494,0.0
G0381,21,0.006499999999999999,0.0
G0381,22,0.0,0.0
G0381,23,0.0,0.0
G0381,24,0.0,0.0
G0382,1,0.0,0.0
G0382,2,0.0,0.0
G0382,3,0.0,0.0
G0382,4,0.0,0.0
G0382,5,0.0,0.0
G0382,6,0.0,0.0
G0382,7,2.8994,0.0
G0382,8,12.3606,0.0
G0382,9,27.9258,0.0
G0382,10,43.643600000000006,0.0
G0382,11,56.7672,0.0
G0382,12,65.4654,0.0
G0382,13,69.1278,0.0
G0382,14,66.5336,0.0
G0382,15,64.7024,0.0
G0382,16,53.41,0.0
G0382,17,45.1696,0.0
G0382,18,30.3674,0.0
G0382,19,17.7016,0.0
G0382,20,5.7988,0.0
G0382,21,0.763,0.0
G0382,22,0.0,0.0
G0382,23,0.0,0.0
G0382,24,0.0,0.0
G0384,1,0.0,0.0
G0384,2,0.0,0.0
G0384,3,0.0,0.0
G0384,4,0.0,0.0
G0384,5,0.0,0.0
G0384,6,0.0,0.0
G0384,7,3.7677,0.0
G0384,8,16.0623,0.0
G0384,9,36.2889,0.0
G0384,10,56.7138,0.0
G0384,11,73.7676,0.0
G0384,12,85.0707,0.0
G0384,13,89.8299,0.0
G0384,14,86.4588,0.0
G0384,15,84.0792,0.0
G0384,16,69.405,0.0
G0384,17,58.6968,0.0
G0384,18,39.4617,0.0
G0384,19,23.0028,0.0
G0384,20,7.5354,0.0
G0384,21,0.9915,0.0
G0384,22,0.0,0.0
G0384,23,0.0,0.0
G0384,24,0.0,0.0
G0387,1,0.0,0.0
G0387,2,0.0,0.0
G0387,3,0.0,0.0
G0387,4,0.0,0.0
G0387,5,0.0,0.0
G0387,6,0.0,0.0
G0387,7,2.6049,0.0
G0387,8,11.1051,0.0
G0387,9,25.0893,0.0
G0387,10,39.2106,0.0
G0387,11,51.0012,0.0
G0387,12,58.8159,0.0
G0387,13,62.1063,0.0
G0387,14,59.7756,0.0
G0387,15,58.1304,0.0
G0387,16,47.985,0.0
G0387,17,40.5816,0.0
G0387,18,27.2829,0.0
G0387,19,15.9036,0.0
G0387,20,5.2098,0.0
G0387,21,0.6855,0.0
G0387,22,0.0,0.0
G0387,23,0.0,0.0
G0387,24,0.0,0.0
G0388,1,0.0,0.0
G0388,2,0.0,0.0
G0388,3,0.0,0.0
G0388,4,0.0,0.0
G0388,5,0.0,0.0
G0388,6,0.0,0.0
G0388,7,0.0247,0.0
G0388,8,0.1053,0.0
G0388,9,0.2379,0.0
G0388,10,0.3718000000000001,0.0
G0388,11,0.4835999999999999,0.0
G0388,12,0.5577,0.0
G0388,13,0.5889,0.0
G0388,14,0.5668,0.0
G0388,15,0.5512,0.0
G0388,16,0.45499999999999996,0.0
G0388,17,0.3848,0.0
G0388,18,0.2587,0.0
G0388,19,0.1508,0.0
G0388,20,0.0494,0.0
G0388,21,0.006499999999999999,0.0
G0388,22,0.0,0.0
G0388,23,0.0,0.0
G0388,24,0.0,0.0
G0392,1,0.0,0.0
G0392,2,0.0,0.0
G0392,3,0.0,0.0
G0392,4,0.0,0.0
G0392,5,0.0,0.0
G0392,6,0.0,0.0
G0392,7,0.5149,0.0
G0392,8,2.1951,0.0
G0392,9,4.9593,0.0
G0392,10,7.7505999999999995,0.0
G0392,11,10.0812,0.0
G0392,12,11.6259,0.0
G0392,13,12.2763,0.0
G0392,14,11.8156,0.0
G0392,15,11.4904,0.0
G0392,16,9.485,0.0
G0392,17,8.0216,0.0
G0392,18,5.3929,0.0
G0392,19,3.1436,0.0
G0392,20,1.0298,0.0
G0392,21,0.1355,0.0
G0392,22,0.0,0.0
G0392,23,0.0,0.0
G0392,24,0.0,0.0
G0394,1,0.0,0.0
G0394,2,0.0,0.0
G0394,3,0.0,0.0
G0394,4,0.0,0.0
G0394,5,0.0,0.0
G0394,6,0.0,0.0
G0394,7,0.1254,0.0
G0394,8,0.5346,0.0
G0394,9,1.2078,0.0
G0394,10,1.8876000000000002,0.0
G0394,11,2.4552,0.0
G0394,12,2.8314,0.0
G0394,13,2.9898,0.0
G0394,14,2.8776,0.0
G0394,15,2.7984,0.0
G0394,16,2.31,0.0
G0394,17,1.9536000000000002,0.0
G0394,18,1.3134,0.0
G0394,19,0.7656,0.0
G0394,20,0.2508,0.0
G0394,21,0.033,0.0
G0394,22,0.0,0.0
G0394,23,0.0,0.0
G0394,24,0.0,0.0
G0395,1,0.0,0.0
G0395,2,0.0,0.0
G0395,3,0.0,0.0
G0395,4,0.0,0.0
G0395,5,0.0,0.0
G0395,6,0.0,0.0
G0395,7,12.5837,0.0
G0395,8,53.6463,0.0
G0395,9,121.2009,0.0
G0395,10,189.4178,0.0
G0395,11,246.3756,0.0
G0395,12,284.1267,0.0
G0395,13,300.0219,0.0
G0395,14,288.7628,0.0
G0395,15,280.8152,0.0
G0395,16,231.805,0.0
G0395,17,196.0408,0.0
G0395,18,131.7977,0.0
G0395,19,76.8268,0.0
G0395,20,25.1674,0.0
G0395,21,3.3114999999999997,0.0
G0395,22,0.0,0.0
G0395,23,0.0,0.0
G0395,24,0.0,0.0
G0399,1,0.0,0.0
G0399,2,0.0,0.0
G0399,3,0.0,0.0
G0399,4,0.0,0.0
G0399,5,0.0,0.0
G0399,6,0.0,0.0
G0399,7,2.185,0.0
G0399,8,9.315,0.0
G0399,9,21.045,0.0
G0399,10,32.89,0.0
G0399,11,42.78,0.0
G0399,12,49.335,0.0
G0399,13,52.095,0.0
G0399,14,50.14,0.0
G0399,15,48.76,0.0
G0399,16,40.25,0.0
G0399,17,34.04,0.0
G0399,18,22.885,0.0
G0399,19,13.34,0.0
G0399,20,4.37,0.0
G0399,21,0.575,0.0
G0399,22,0.0,0.0
G0399,23,0.0,0.0
G0399,24,0.0,0.0
G0400,1,0.0,0.0
G0400,2,0.0,0.0
G0400,3,0.0,0.0
G0400,4,0.0,0.0
G0400,5,0.0,0.0
G0400,6,0.0,0.0
G0400,7,0.9139,0.0
G0400,8,3.8961,0.0
G0400,9,8.8023,0.0
G0400,10,13.756599999999999,0.0
G0400,11,17.8932,0.0
G0400,12,20.6349,0.0
G0400,13,21.7893,0.0
G0400,14,20.9716,0.0
G0400,15,20.3944,0.0
G0400,16,16.835,0.0
G0400,17,14.2376,0.0
G0400,18,9.5719,0.0
G0400,19,5.5796,0.0
G0400,20,1.8278,0.0
G0400,21,0.24050000000000002,0.0
G0400,22,0.0,0.0
G0400,23,0.0,0.0
G0400,24,0.0,0.0
G0402,1,0.0,0.0
G0402,2,0.0,0.0
G0402,3,0.0,0.0
G0402,4,0.0,0.0
G0402,5,0.0,0.0
G0402,6,0.0,0.0
G0402,7,1.2198,0.0
G0402,8,5.2002,0.0
G0402,9,11.7486,0.0
G0402,10,18.3612,0.0
G0402,11,23.8824,0.0
G0402,12,27.5418,0.0
G0402,13,29.0826,0.0
G0402,14,27.9912,0.0
G0402,15,27.2208,0.0
G0402,16,22.47,0.0
G0402,17,19.0032,0.0
G0402,18,12.7758,0.0
G0402,19,7.4472,0.0
G0402,20,2.4396,0.0
G0402,21,0.321,0.0
G0402,22,0.0,0.0
G0402,23,0.0,0.0
G0402,24,0.0,0.0
G0403,1,0.0,0.0
G0403,2,0.0,0.0
G0403,3,0.0,0.0
G0403,4,0.0,0.0
G0403,5,0.0,0.0
G0403,6,0.0,0.0
G0403,7,0.1178,0.0
G0403,8,0.5022,0.0
G0403,9,1.1346,0.0
G0403,10,1.7732000000000003,0.0
G0403,11,2.3064,0.0
G0403,12,2.6598,0.0
G0403,13,2.8086,0.0
G0403,14,2.7032,0.0
G0403,15,2.6288,0.0
G0403,16,2.17,0.0
G0403,17,1.8352,0.0
G0403,18,1.2338,0.0
G0403,19,0.7192,0.0
G0403,20,0.2356,0.0
G0403,21,0.031000000000000003,0.0
G0403,22,0.0,0.0
G0403,23,0.0,0.0
G0403,24,0.0,0.0
G0406,1,0.0,0.0
G0406,2,0.0,0.0
G0406,3,0.0,0.0
G0406,4,0.0,0.0
G0406,5,0.0,0.0
G0406,6,0.0,0.0
G0406,7,1.2293,0.0
G0406,8,5.2407,0.0
G0406,9,11.8401,0.0
G0406,10,18.5042,0.0
G0406,11,24.0684,0.0
G0406,12,27.7563,0.0
G0406,13,29.3091,0.0
G0406,14,28.2092,0.0
G0406,15,27.4328,0.0
G0406,16,22.645,0.0
G0406,17,19.1512,0.0
G0406,18,12.8753,0.0
G0406,19,7.5052,0.0
G0406,20,2.4586,0.0
G0406,21,0.3235,0.0
G0406,22,0.0,0.0
G0406,23,0.0,0.0
G0406,24,0.0,0.0
G0407,1,0.0,0.0
G0407,2,0.0,0.0
G0407,3,0.0,0.0
G0407,4,0.0,0.0
G0407,5,0.0,0.0
G0407,6,0.0,0.0
G0407,7,0.0209,0.0
G0407,8,0.0891,0.0
G0407,9,0.2013,0.0
G0407,10,0.3146,0.0
G0407,11,0.4092,0.0
G0407,12,0.4719,0.0
G0407,13,0.4983,0.0
G0407,14,0.4796,0.0
G0407,15,0.4664,0.0
G0407,16,0.385,0.0
G0407,17,0.3256,0.0
G0407,18,0.2189,0.0
G0407,19,0.1276,0.0
G0407,20,0.0418,0.0
G0407,21,0.0055,0.0
G0407,22,0.0,0.0
G0407,23,0.0,0.0
G0407,24,0.0,0.0
G0409,1,0.0,0.0
G0409,2,0.0,0.0
G0409,3,0.0,0.0
G0409,4,0.0,0.0
G0409,5,0.0,0.0
G0409,6,0.0,0.0
G0409,7,3.1806,0.0
G0409,8,13.5594,0.0
G0409,9,30.6342,0.0
G0409,10,47.8764,0.0
G0409,11,62.27279999999999,0.0
G0409,12,71.8146,0.0
G0409,13,75.8322,0.0
G0409,14,72.9864,0.0
G0409,15,70.9776,0.0
G0409,16,58.59000000000001,0.0
G0409,17,49.550399999999996,0.0
G0409,18,33.3126,0.0
G0409,19,19.4184,0.0
G0409,20,6.3612,0.0
G0409,21,0.8369999999999999,0.0
G0409,22,0.0,0.0
G0409,23,0.0,0.0
G0409,24,0.0,0.0
G0410,1,0.0,0.0
G0410,2,0.0,0.0
G0410,3,0.0,0.0
G0410,4,0.0,0.0
G0410,5,0.0,0.0
G0410,6,0.0,0.0
G0410,7,0.0209,0.0
G0410,8,0.0891,0.0
G0410,9,0.2013,0.0
G0410,10,0.3146,0.0
G0410,11,0.4092,0.0
G0410,12,0.4719,0.0
G0410,13,0.4983,0.0
G0410,14,0.4796,0.0
G0410,15,0.4664,0.0
G0410,16,0.385,0.0
G0410,17,0.3256,0.0
G0410,18,0.2189,0.0
G0410,19,0.1276,0.0
G0410,20,0.0418,0.0
G0410,21,0.0055,0.0
G0410,22,0.0,0.0
G0410,23,0.0,0.0
G0410,24,0.0,0.0
G0414,1,0.0,0.0
G0414,2,0.0,0.0
G0414,3,0.0,0.0
G0414,4,0.0,0.0
G0414,5,0.0,0.0
G0414,6,0.0,0.0
G0414,7,0.4693,0.0
G0414,8,2.0007,0.0
G0414,9,4.5201,0.0
G0414,10,7.0642,0.0
G0414,11,9.1884,0.0
G0414,12,10.5963,0.0
G0414,13,11.1891,0.0
G0414,14,10.7692,0.0
G0414,15,10.4728,0.0
G0414,16,8.645,0.0
G0414,17,7.3112,0.0
G0414,18,4.9153,0.0
G0414,19,2.8652,0.0
G0414,20,0.9386,0.0
G0414,21,0.1235,0.0
G0414,22,0.0,0.0
G0414,23,0.0,0.0
G0414,24,0.0,0.0
G0417,1,0.0,0.0
G0417,2,0.0,0.0
G0417,3,0.0,0.0
G0417,4,0.0,0.0
G0417,5,0.0,0.0
G0417,6,0.0,0.0
G0417,7,0.04560000000000001,0.0
G0417,8,0.1944,0.0
G0417,9,0.4392,0.0
G0417,10,0.6864,0.0
G0417,11,0.8928000000000001,0.0
G0417,12,1.0296,0.0
G0417,13,1.0872,0.0
G0417,14,1.0464,0.0
G0417,15,1.0176,0.0
G0417,16,0.84,0.0
G0417,17,0.7104,0.0
G0417,18,0.4776,0.0
G0417,19,0.2784,0.0
G0417,20,0.09120000000000002,0.0
G0417,21,0.012,0.0
G0417,22,0.0,0.0
G0417,23,0.0,0.0
G0417,24,0.0,0.0
G0418,1,0.0,0.0
G0418,2,0.0,0.0
G0418,3,0.0,0.0
G0418,4,0.0,0.0
G0418,5,0.0,0.0
G0418,6,0.0,0.0
G0418,7,0.04560000000000001,0.0
G0418,8,0.1944,0.0
G0418,9,0.4392,0.0
G0418,10,0.6864,0.0
G0418,11,0.8928000000000001,0.0
G0418,12,1.0296,0.0
G0418,13,1.0872,0.0
G0418,14,1.0464,0.0
G0418,15,1.0176,0.0
G0418,16,0.84,0.0
G0418,17,0.7104,0.0
G0418,18,0.4776,0.0
G0418,19,0.2784,0.0
G0418,20,0.09120000000000002,0.0
G0418,21,0.012,0.0
G0418,22,0.0,0.0
G0418,23,0.0,0.0
G0418,24,0.0,0.0
G0419,1,0.0,0.0
G0419,2,0.0,0.0
G0419,3,0.0,0.0
G0419,4,0.0,0.0
G0419,5,0.0,0.0
G0419,6,0.0,0.0
G0419,7,2.2705,0.0
G0419,8,9.6795,0.0
G0419,9,21.8685,0.0
G0419,10,34.177,0.0
G0419,11,44.454,0.0
G0419,12,51.2655,0.0
G0419,13,54.1335,0.0
G0419,14,52.102,0.0
G0419,15,50.668,0.0
G0419,16,41.825,0.0
G0419,17,35.372,0.0
G0419,18,23.7805,0.0
G0419,19,13.862,0.0
G0419,20,4.541,0.0
G0419,21,0.5975,0.0
G0419,22,0.0,0.0
G0419,23,0.0,0.0
G0419,24,0.0,0.0
G0420,1,0.0,0.0
G0420,2,0.0,0.0
G0420,3,0.0,0.0
G0420,4,0.0,0.0
G0420,5,0.0,0.0
G0420,6,0.0,0.0
G0420,7,2.2819,0.0
G0420,8,9.7281,0.0
G0420,9,21.9783,0.0
G0420,10,34.3486,0.0
G0420,11,44.6772,0.0
G0420,12,51.5229,0.0
G0420,13,54.4053,0.0
G0420,14,52.3636,0.0
G0420,15,50.9224,0.0
G0420,16,42.035,0.0
G0420,17,35.5496,0.0
G0420,18,23.8999,0.0
G0420,19,13.9316,0.0
G0420,20,4.5638,0.0
G0420,21,0.6005,0.0
G0420,22,0.0,0.0
G0420,23,0.0,0.0
G0420,24,0.0,0.0
G0423,1,0.0,0.0
G0423,2,0.0,0.0
G0423,3,0.0,0.0
G0423,4,0.0,0.0
G0423,5,0.0,0.0
G0423,6,0.0,0.0
G0423,7,0.6118,0.0
G0423,8,2.6082,0.0
G0423,9,5.8926,0.0
G0423,10,9.209200000000001,0.0
G0423,11,11.9784,0.0
G0423,12,13.8138,0.0
G0423,13,14.5866,0.0
G0423,14,14.0392,0.0
G0423,15,13.6528,0.0
G0423,16,11.27,0.0
G0423,17,9.5312,0.0
G0423,18,6.4078,0.0
G0423,19,3.7352,0.0
G0423,20,1.2236,0.0
G0423,21,0.161,0.0
G0423,22,0.0,0.0
G0423,23,0.0,0.0
G0423,24,0.0,0.0
G0424,1,0.0,0.0
G0424,2,0.0,0.0
G0424,3,0.0,0.0
G0424,4,0.0,0.0
G0424,5,0.0,0.0
G0424,6,0.0,0.0
G0424,7,0.39899999999999997,0.0
G0424,8,1.701,0.0
G0424,9,3.843,0.0
G0424,10,6.006,0.0
G0424,11,7.812,0.0
G0424,12,9.009,0.0
G0424,13,9.513,0.0
G0424,14,9.156,0.0
G0424,15,8.904,0.0
G0424,16,7.35,0.0
G0424,17,6.215999999999999,0.0
G0424,18,4.179,0.0
G0424,19,2.436,0.0
G0424,20,0.7979999999999999,0.0
G0424,21,0.105,0.0
G0424,22,0.0,0.0
G0424,23,0.0,0.0
G0424,24,0.0,0.0
G0426,1,0.0,0.0
G0426,2,0.0,0.0
G0426,3,0.0,0.0
G0426,4,0.0,0.0
G0426,5,0.0,0.0
G0426,6,0.0,0.0
G0426,7,0.11590000000000002,0.0
G0426,8,0.4941,0.0
G0426,9,1.1163,0.0
G0426,10,1.7446000000000002,0.0
G0426,11,2.2692,0.0
G0426,12,2.6169,0.0
G0426,13,2.7633,0.0
G0426,14,2.6596,0.0
G0426,15,2.5864,0.0
G0426,16,2.135,0.0
G0426,17,1.8056,0.0
G0426,18,1.2139,0.0
G0426,19,0.7076,0.0
G0426,20,0.23180000000000003,0.0
G0426,21,0.0305,0.0
G0426,22,0.0,0.0
G0426,23,0.0,0.0
G0426,24,0.0,0.0
G0428,1,0.0,0.0
G0428,2,0.0,0.0
G0428,3,0.0,0.0
G0428,4,0.0,0.0
G0428,5,0.0,0.0
G0428,6,0.0,0.0
G0428,7,0.2945,0.0
G0428,8,1.2555,0.0
G0428,9,2.8365,0.0
G0428,10,4.433,0.0
G0428,11,5.766,0.0
G0428,12,6.6495,0.0
G0428,13,7.0215,0.0
G0428,14,6.758,0.0
G0428,15,6.572,0.0
G0428,16,5.425,0.0
G0428,17,4.588,0.0
G0428,18,3.0845,0.0
G0428,19,1.798,0.0
G0428,20,0.589,0.0
G0428,21,0.0775,0.0
G0428,22,0.0,0.0
G0428,23,0.0,0.0
G0428,24,0.0,0.0
G0430,1,0.0,0.0
G0430,2,0.0,0.0
G0430,3,0.0,0.0
G0430,4,0.0,0.0
G0430,5,0.0,0.0
G0430,6,0.0,0.0
G0430,7,0.2907,0.0
G0430,8,1.2393,0.0
G0430,9,2.7999,0.0
G0430,10,4.3758,0.0
G0430,11,5.6916,0.0
G0430,12,6.5637,0.0
G0430,13,6.9309,0.0
G0430,14,6.6708,0.0
G0430,15,6.4872,0.0
G0430,16,5.355,0.0
G0430,17,4.5288,0.0
G0430,18,3.0447,0.0
G0430,19,1.7748,0.0
G0430,20,0.5814,0.0
G0430,21,0.0765,0.0
G0430,22,0.0,0.0
G0430,23,0.0,0.0
G0430,24,0.0,0.0
G0433,1,0.0,0.0
G0433,2,0.0,0.0
G0433,3,0.0,0.0
G0433,4,0.0,0.0
G0433,5,0.0,0.0
G0433,6,0.0,0.0
G0433,7,0.8417000000000001,0.0
G0433,8,3.5883,0.0
G0433,9,8.1069,0.0
G0433,10,12.6698,0.0
G0433,11,16.4796,0.0
G0433,12,19.0047,0.0
G0433,13,20.0679,0.0
G0433,14,19.3148,0.0
G0433,15,18.7832,0.0
G0433,16,15.505,0.0
G0433,17,13.112800000000002,0.0
G0433,18,8.8157,0.0
G0433,19,5.1388,0.0
G0433,20,1.6834000000000002,0.0
G0433,21,0.2215,0.0
G0433,22,0.0,0.0
G0433,23,0.0,0.0
G0433,24,0.0,0.0
G0450,1,0.0,0.0
G0450,2,0.0,0.0
G0450,3,0.0,0.0
G0450,4,0.0,0.0
G0450,5,0.0,0.0
G0450,6,0.0,0.0
G0450,7,0.1539,0.0
G0450,8,0.6561,0.0
G0450,9,1.4823,0.0
G0450,10,2.3166,0.0
G0450,11,3.0132,0.0
G0450,12,3.4749,0.0
G0450,13,3.6693,0.0
G0450,14,3.5316,0.0
G0450,15,3.4344,0.0
G0450,16,2.835,0.0
G0450,17,2.3976,0.0
G0450,18,1.6119,0.0
G0450,19,0.9396,0.0
G0450,20,0.3078,0.0
G0450,21,0.0405,0.0
G0450,22,0.0,0.0
G0450,23,0.0,0.0
G0450,24,0.0,0.0
G0452,1,0.0,0.0
G0452,2,0.0,0.0
G0452,3,0.0,0.0
G0452,4,0.0,0.0
G0452,5,0.0,0.0
G0452,6,0.0,0.0
G0452,7,0.0304,0.0
G0452,8,0.1296,0.0
G0452,9,0.2928,0.0
G0452,10,0.4576,0.0
G0452,11,0.5952,0.0
G0452,12,0.6864,0.0
G0452,13,0.7248,0.0
G0452,14,0.6976,0.0
G0452,15,0.6784,0.0
G0452,16,0.56,0.0
G0452,17,0.4736,0.0
G0452,18,0.3184,0.0
G0452,19,0.1856,0.0
G0452,20,0.0608,0.0
G0452,21,0.008,0.0
G0452,22,0.0,0.0
G0452,23,0.0,0.0
G0452,24,0.0,0.0
G0454,1,0.0,0.0
G0454,2,0.0,0.0
G0454,3,0.0,0.0
G0454,4,0.0,0.0
G0454,5,0.0,0.0
G0454,6,0.0,0.0
G0454,7,0.38760000000000006,0.0
G0454,8,1.6524000000000003,0.0
G0454,9,3.7332,0.0
G0454,10,5.834399999999999,0.0
G0454,11,7.588800000000001,0.0
G0454,12,8.7516,0.0
G0454,13,9.2412,0.0
G0454,14,8.8944,0.0
G0454,15,8.6496,0.0
G0454,16,7.140000000000001,0.0
G0454,17,6.0384,0.0
G0454,18,4.0596,0.0
G0454,19,2.3664,0.0
G0454,20,0.7752000000000001,0.0
G0454,21,0.102,0.0
G0454,22,0.0,0.0
G0454,23,0.0,0.0
G0454,24,0.0,0.0
G0464,1,0.0,0.0
G0464,2,0.0,0.0
G0464,3,0.0,0.0
G0464,4,0.0,0.0
G0464,5,0.0,0.0
G0464,6,0.0,0.0
G0464,7,0.22230000000000003,0.0
G0464,8,0.9477,0.0
G0464,9,2.1411,0.0
G0464,10,3.3462,0.0
G0464,11,4.3524,0.0
G0464,12,5.0193,0.0
G0464,13,5.3001,0.0
G0464,14,5.1012,0.0
G0464,15,4.9608,0.0
G0464,16,4.095,0.0
G0464,17,3.4632,0.0
G0464,18,2.3283,0.0
G0464,19,1.3572,0.0
G0464,20,0.44460000000000005,0.0
G0464,21,0.0585,0.0
G0464,22,0.0,0.0
G0464,23,0.0,0.0
G0464,24,0.0,0.0
G0466,1,0.0,0.0
G0466,2,0.0,0.0
G0466,3,0.0,0.0
G0466,4,0.0,0.0
G0466,5,0.0,0.0
G0466,6,0.0,0.0
G0466,7,0.4693,0.0
G0466,8,2.0007,0.0
G0466,9,4.5201,0.0
G0466,10,7.0642,0.0
G0466,11,9.1884,0.0
G0466,12,10.5963,0.0
G0466,13,11.1891,0.0
G0466,14,10.7692,0.0
G0466,15,10.4728,0.0
G0466,16,8.645,0.0
G0466,17,7.3112,0.0
G0466,18,4.9153,0.0
G0466,19,2.8652,0.0
G0466,20,0.9386,0.0
G0466,21,0.1235,0.0
G0466,22,0.0,0.0
G0466,23,0.0,0.0
G0466,24,0.0,0.0
G0470,1,0.0,0.0
G0470,2,0.0,0.0
G0470,3,0.0,0.0
G0470,4,0.0,0.0
G0470,5,0.0,0.0
G0470,6,0.0,0.0
G0470,7,1.0051,0.0
G0470,8,4.2849,0.0
G0470,9,9.6807,0.0
G0470,10,15.1294,0.0
G0470,11,19.6788,0.0
G0470,12,22.6941,0.0
G0470,13,23.9637,0.0
G0470,14,23.0644,0.0
G0470,15,22.4296,0.0
G0470,16,18.515,0.0
G0470,17,15.658400000000002,0.0
G0470,18,10.5271,0.0
G0470,19,6.1364,0.0
G0470,20,2.0102,0.0
G0470,21,0.2645,0.0
G0470,22,0.0,0.0
G0470,23,0.0,0.0
G0470,24,0.0,0.0
G0472,1,0.0,0.0
G0472,2,0.0,0.0
G0472,3,0.0,0.0
G0472,4,0.0,0.0
G0472,5,0.0,0.0
G0472,6,0.0,0.0
G0472,7,0.3192,0.0
G0472,8,1.3608,0.0
G0472,9,3.0744,0.0
G0472,10,4.8048,0.0
G0472,11,6.2496,0.0
G0472,12,7.2072,0.0
G0472,13,7.6104,0.0
G0472,14,7.3248,0.0
G0472,15,7.1232,0.0
G0472,16,5.88,0.0
G0472,17,4.9728,0.0
G0472,18,3.3432,0.0
G0472,19,1.9488,0.0
G0472,20,0.6384,0.0
G0472,21,0.084,0.0
G0472,22,0.0,0.0
G0472,23,0.0,0.0
G0472,24,0.0,0.0
G0474,1,0.0,0.0
G0474,2,0.0,0.0
G0474,3,0.0,0.0
G0474,4,0.0,0.0
G0474,5,0.0,0.0
G0474,6,0.0,0.0
G0474,7,1.9209000000000003,0.0
G0474,8,8.1891,0.0
G0474,9,18.5013,0.0
G0474,10,28.9146,0.0
G0474,11,37.6092,0.0
G0474,12,43.3719,0.0
G0474,13,45.7983,0.0
G0474,14,44.0796,0.0
G0474,15,42.8664,0.0
G0474,16,35.385,0.0
G0474,17,29.925599999999996,0.0
G0474,18,20.1189,0.0
G0474,19,11.7276,0.0
G0474,20,3.8418000000000005,0.0
G0474,21,0.5055,0.0
G0474,22,0.0,0.0
G0474,23,0.0,0.0
G0474,24,0.0,0.0
G0475,1,0.0,0.0
G0475,2,0.0,0.0
G0475,3,0.0,0.0
G0475,4,0.0,0.0
G0475,5,0.0,0.0
G0475,6,0.0,0.0
G0475,7,0.4712,0.0
G0475,8,2.0088,0.0
G0475,9,4.5384,0.0
G0475,10,7.092800000000001,0.0
G0475,11,9.2256,0.0
G0475,12,10.6392,0.0
G0475,13,11.2344,0.0
G0475,14,10.8128,0.0
G0475,15,10.5152,0.0
G0475,16,8.68,0.0
G0475,17,7.3408,0.0
G0475,18,4.9352,0.0
G0475,19,2.8768,0.0
G0475,20,0.9424,0.0
G0475,21,0.12400000000000001,0.0
G0475,22,0.0,0.0
G0475,23,0.0,0.0
G0475,24,0.0,0.0
G0478,1,0.0,0.0
G0478,2,0.0,0.0
G0478,3,0.0,0.0
G0478,4,0.0,0.0
G0478,5,0.0,0.0
G0478,6,0.0,0.0
G0478,7,0.0342,0.0
G0478,8,0.1458,0.0
G0478,9,0.3294,0.0
G0478,10,0.5148,0.0
G0478,11,0.6696,0.0
G0478,12,0.7722,0.0
G0478,13,0.8154,0.0
G0478,14,0.7848,0.0
G0478,15,0.7632,0.0
G0478,16,0.63,0.0
G0478,17,0.5328,0.0
G0478,18,0.3582,0.0
G0478,19,0.2088,0.0
G0478,20,0.0684,0.0
G0478,21,0.009,0.0
G0478,22,0.0,0.0
G0478,23,0.0,0.0
G0478,24,0.0,0.0
G0480,1,0.0,0.0
G0480,2,0.0,0.0
G0480,3,0.0,0.0
G0480,4,0.0,0.0
G0480,5,0.0,0.0
G0480,6,0.0,0.0
G0480,7,2.7854000000000005,0.0
G0480,8,11.8746,0.0
G0480,9,26.8278,0.0
G0480,10,41.9276,0.0
G0480,11,54.5352,0.0
G0480,12,62.8914,0.0
G0480,13,66.4098,0.0
G0480,14,63.9176,0.0
G0480,15,62.15840000000001,0.0
G0480,16,51.31,0.0
G0480,17,43.3936,0.0
G0480,18,29.1734,0.0
G0480,19,17.0056,0.0
G0480,20,5.570800000000001,0.0
G0480,21,0.733,0.0
G0480,22,0.0,0.0
G0480,23,0.0,0.0
G0480,24,0.0,0.0
G0481,1,0.0,0.0
G0481,2,0.0,0.0
G0481,3,0.0,0.0
G0481,4,0.0,0.0
G0481,5,0.0,0.0
G0481,6,0.0,0.0
G0481,7,0.0418,0.0
G0481,8,0.1782,0.0
G0481,9,0.4026,0.0
G0481,10,0.6292,0.0
G0481,11,0.8184,0.0
G0481,12,0.9438,0.0
G0481,13,0.9966,0.0
G0481,14,0.9592,0.0
G0481,15,0.9328,0.0
G0481,16,0.77,0.0
G0481,17,0.6512,0.0
G0481,18,0.4378,0.0
G0481,19,0.2552,0.0
G0481,20,0.0836,0.0
G0481,21,0.011,0.0
G0481,22,0.0,0.0
G0481,23,0.0,0.0
G0481,24,0.0,0.0
G0485,1,0.0,0.0
G0485,2,0.0,0.0
G0485,3,0.0,0.0
G0485,4,0.0,0.0
G0485,5,0.0,0.0
G0485,6,0.0,0.0
G0485,7,0.1786,0.0
G0485,8,0.7614,0.0
G0485,9,1.7202,0.0
G0485,10,2.6883999999999997,0.0
G0485,11,3.4968,0.0
G0485,12,4.0326,0.0
G0485,13,4.2582,0.0
G0485,14,4.0984,0.0
G0485,15,3.9856000000000003,0.0
G0485,16,3.29,0.0
G0485,17,2.7824,0.0
G0485,18,1.8706000000000003,0.0
G0485,19,1.0904,0.0
G0485,20,0.3572,0.0
G0485,21,0.047,0.0
G0485,22,0.0,0.0
G0485,23,0.0,0.0
G0485,24,0.0,0.0
G0489,1,0.0,0.0
G0489,2,0.0,0.0
G0489,3,0.0,0.0
G0489,4,0.0,0.0
G0489,5,0.0,0.0
G0489,6,0.0,0.0
G0489,7,13.628700000000002,0.0
G0489,8,58.101299999999995,0.0
G0489,9,131.2659,0.0
G0489,10,205.14779999999996,0.0
G0489,11,266.8356,0.0
G0489,12,307.7217,0.0
G0489,13,324.9369,0.0
G0489,14,312.7428,0.0
G0489,15,304.1352,0.0
G0489,16,251.055,0.0
G0489,17,212.32079999999996,0.0
G0489,18,142.7427,0.0
G0489,19,83.2068,0.0
G0489,20,27.257400000000004,0.0
G0489,21,3.5865,0.0
G0489,22,0.0,0.0
G0489,23,0.0,0.0
G0489,24,0.0,0.0
G0493,1,0.0,0.0
G0493,2,0.0,0.0
G0493,3,0.0,0.0
G0493,4,0.0,0.0
G0493,5,0.0,0.0
G0493,6,0.0,0.0
G0493,7,1.0374,0.0
G0493,8,4.4226,0.0
G0493,9,9.9918,0.0
G0493,10,15.6156,0.0
G0493,11,20.3112,0.0
G0493,12,23.4234,0.0
G0493,13,24.7338,0.0
G0493,14,23.8056,0.0
G0493,15,23.1504,0.0
G0493,16,19.11,0.0
G0493,17,16.1616,0.0
G0493,18,10.8654,0.0
G0493,19,6.3336,0.0
G0493,20,2.0748,0.0
G0493,21,0.273,0.0
G0493,22,0.0,0.0
G0493,23,0.0,0.0
G0493,24,0.0,0.0
G0494,1,0.0,0.0
G0494,2,0.0,0.0
G0494,3,0.0,0.0
G0494,4,0.0,0.0
G0494,5,0.0,0.0
G0494,6,0.0,0.0
G0494,7,0.0418,0.0
G0494,8,0.1782,0.0
G0494,9,0.4026,0.0
G0494,10,0.6292,0.0
G0494,11,0.8184,0.0
G0494,12,0.9438,0.0
G0494,13,0.9966,0.0
G0494,14,0.9592,0.0
G0494,15,0.9328,0.0
G0494,16,0.77,0.0
G0494,17,0.6512,0.0
G0494,18,0.4378,0.0
G0494,19,0.2552,0.0
G0494,20,0.0836,0.0
G0494,21,0.011,0.0
G0494,22,0.0,0.0
G0494,23,0.0,0.0
G0494,24,0.0,0.0
G0497,1,0.0,0.0
G0497,2,0.0,0.0
G0497,3,0.0,0.0
G0497,4,0.0,0.0
G0497,5,0.0,0.0
G0497,6,0.0,0.0
G0497,7,0.3515,0.0
G0497,8,1.4985,0.0
G0497,9,3.3855,0.0
G0497,10,5.291,0.0
G0497,11,6.882,0.0
G0497,12,7.9365,0.0
G0497,13,8.3805,0.0
G0497,14,8.066,0.0
G0497,15,7.844000000000001,0.0
G0497,16,6.475,0.0
G0497,17,5.476,0.0
G0497,18,3.6815,0.0
G0497,19,2.146,0.0
G0497,20,0.703,0.0
G0497,21,0.0925,0.0
G0497,22,0.0,0.0
G0497,23,0.0,0.0
G0497,24,0.0,0.0
G0498,1,0.0,0.0
G0498,2,0.0,0.0
G0498,3,0.0,0.0
G0498,4,0.0,0.0
G0498,5,0.0,0.0
G0498,6,0.0,0.0
G0498,7,13.243,0.0
G0498,8,56.457,0.0
G0498,9,127.551,0.0
G0498,10,199.342,0.0
G0498,11,259.284,0.0
G0498,12,299.013,0.0
G0498,13,315.741,0.0
G0498,14,303.892,0.0
G0498,15,295.528,0.0
G0498,16,243.95,0.0
G0498,17,206.31200000000004,0.0
G0498,18,138.703,0.0
G0498,19,80.852,0.0
G0498,20,26.486,0.0
G0498,21,3.485,0.0
G0498,22,0.0,0.0
G0498,23,0.0,0.0
G0498,24,0.0,0.0
G0499,1,0.0,0.0
G0499,2,0.0,0.0
G0499,3,0.0,0.0
G0499,4,0.0,0.0
G0499,5,0.0,0.0
G0499,6,0.0,0.0
G0499,7,0.3097,0.0
G0499,8,1.3203,0.0
G0499,9,2.9829,0.0
G0499,10,4.6618,0.0
G0499,11,6.0636,0.0
G0499,12,6.9927,0.0
G0499,13,7.3839,0.0
G0499,14,7.1068,0.0
G0499,15,6.9112,0.0
G0499,16,5.705,0.0
G0499,17,4.8248,0.0
G0499,18,3.2437,0.0
G0499,19,1.8908,0.0
G0499,20,0.6194,0.0
G0499,21,0.0815,0.0
G0499,22,0.0,0.0
G0499,23,0.0,0.0
G0499,24,0.0,0.0
G0500,1,0.0,0.0
G0500,2,0.0,0.0
G0500,3,0.0,0.0
G0500,4,0.0,0.0
G0500,5,0.0,0.0
G0500,6,0.0,0.0
G0500,7,1.254,0.0
G0500,8,5.346,0.0
G0500,9,12.078,0.0
G0500,10,18.876,0.0
G0500,11,24.552,0.0
G0500,12,28.314,0.0
G0500,13,29.898,0.0
G0500,14,28.776,0.0
G0500,15,27.984,0.0
G0500,16,23.1,0.0
G0500,17,19.536,0.0
G0500,18,13.134,0.0
G0500,19,7.656,0.0
G0500,20,2.508,0.0
G0500,21,0.33,0.0
G0500,22,0.0,0.0
G0500,23,0.0,0.0
G0500,24,0.0,0.0
G0501,1,0.0,0.0
G0501,2,0.0,0.0
G0501,3,0.0,0.0
G0501,4,0.0,0.0
G0501,5,0.0,0.0
G0501,6,0.0,0.0
G0501,7,1.2806000000000002,0.0
G0501,8,5.4594,0.0
G0501,9,12.3342,0.0
G0501,10,19.2764,0.0
G0501,11,25.0728,0.0
G0501,12,28.914600000000004,0.0
G0501,13,30.5322,0.0
G0501,14,29.3864,0.0
G0501,15,28.5776,0.0
G0501,16,23.59,0.0
G0501,17,19.9504,0.0
G0501,18,13.4126,0.0
G0501,19,7.8184,0.0
G0501,20,2.5612000000000004,0.0
G0501,21,0.337,0.0
G0501,22,0.0,0.0
G0501,23,0.0,0.0
G0501,24,0.0,0.0
G0505,1,0.0,0.0
G0505,2,0.0,0.0
G0505,3,0.0,0.0
G0505,4,0.0,0.0
G0505,5,0.0,0.0
G0505,6,0.0,0.0
G0505,7,1.0526,0.0
G0505,8,4.4874,0.0
G0505,9,10.1382,0.0
G0505,10,15.844400000000002,0.0
G0505,11,20.6088,0.0
G0505,12,23.7666,0.0
G0505,13,25.0962,0.0
G0505,14,24.1544,0.0
G0505,15,23.4896,0.0
G0505,16,19.39,0.0
G0505,17,16.3984,0.0
G0505,18,11.0246,0.0
G0505,19,6.4264,0.0
G0505,20,2.1052,0.0
G0505,21,0.277,0.0
G0505,22,0.0,0.0
G0505,23,0.0,0.0
G0505,24,0.0,0.0
G0507,1,0.0,0.0
G0507,2,0.0,0.0
G0507,3,0.0,0.0
G0507,4,0.0,0.0
G0507,5,0.0,0.0
G0507,6,0.0,0.0
G0507,7,0.019,0.0
G0507,8,0.081,0.0
G0507,9,0.183,0.0
G0507,10,0.286,0.0
G0507,11,0.372,0.0
G0507,12,0.429,0.0
G0507,13,0.453,0.0
G0507,14,0.436,0.0
G0507,15,0.424,0.0
G0507,16,0.35,0.0
G0507,17,0.296,0.0
G0507,18,0.199,0.0
G0507,19,0.116,0.0
G0507,20,0.038,0.0
G0507,21,0.005,0.0
G0507,22,0.0,0.0
G0507,23,0.0,0.0
G0507,24,0.0,0.0
G0510,1,0.0,0.0
G0510,2,0.0,0.0
G0510,3,0.0,0.0
G0510,4,0.0,0.0
G0510,5,0.0,0.0
G0510,6,0.0,0.0
G0510,7,1.2122,0.0
G0510,8,5.1678,0.0
G0510,9,11.6754,0.0
G0510,10,18.2468,0.0
G0510,11,23.7336,0.0
G0510,12,27.3702,0.0
G0510,13,28.9014,0.0
G0510,14,27.8168,0.0
G0510,15,27.0512,0.0
G0510,16,22.33,0.0
G0510,17,18.8848,0.0
G0510,18,12.6962,0.0
G0510,19,7.4008,0.0
G0510,20,2.4244,0.0
G0510,21,0.319,0.0
G0510,22,0.0,0.0
G0510,23,0.0,0.0
G0510,24,0.0,0.0
G0513,1,0.0,0.0
G0513,2,0.0,0.0
G0513,3,0.0,0.0
G0513,4,0.0,0.0
G0513,5,0.0,0.0
G0513,6,0.0,0.0
G0513,7,0.3895,0.0
G0513,8,1.6605,0.0
G0513,9,3.7515,0.0
G0513,10,5.863,0.0
G0513,11,7.626,0.0
G0513,12,8.7945,0.0
G0513,13,9.2865,0.0
G0513,14,8.938,0.0
G0513,15,8.692,0.0
G0513,16,7.175,0.0
G0513,17,6.068,0.0
G0513,18,4.0795,0.0
G0513,19,2.378,0.0
G0513,20,0.779,0.0
G0513,21,0.10250000000000001,0.0
G0513,22,0.0,0.0
G0513,23,0.0,0.0
G0513,24,0.0,0.0
G0515,1,0.0,0.0
G0515,2,0.0,0.0
G0515,3,0.0,0.0
G0515,4,0.0,0.0
G0515,5,0.0,0.0
G0515,6,0.0,0.0
G0515,7,0.1596,0.0
G0515,8,0.6804,0.0
G0515,9,1.5372,0.0
G0515,10,2.4024,0.0
G0515,11,3.1248,0.0
G0515,12,3.6036,0.0
G0515,13,3.8052,0.0
G0515,14,3.6624,0.0
G0515,15,3.5616,0.0
G0515,16,2.94,0.0
G0515,17,2.4864,0.0
G0515,18,1.6716,0.0
G0515,19,0.9744,0.0
G0515,20,0.3192,0.0
G0515,21,0.042,0.0
G0515,22,0.0,0.0
G0515,23,0.0,0.0
G0515,24,0.0,0.0
G0516,1,0.0,0.0
G0516,2,0.0,0.0
G0516,3,0.0,0.0
G0516,4,0.0,0.0
G0516,5,0.0,0.0
G0516,6,0.0,0.0
G0516,7,0.4008999999999999,0.0
G0516,8,1.7091,0.0
G0516,9,3.8613,0.0
G0516,10,6.0346,0.0
G0516,11,7.8492,0.0
G0516,12,9.0519,0.0
G0516,13,9.5583,0.0
G0516,14,9.1996,0.0
G0516,15,8.9464,0.0
G0516,16,7.385,0.0
G0516,17,6.2456000000000005,0.0
G0516,18,4.1989,0.0
G0516,19,2.4476,0.0
G0516,20,0.8017999999999998,0.0
G0516,21,0.1055,0.0
G0516,22,0.0,0.0
G0516,23,0.0,0.0
G0516,24,0.0,0.0
G0518,1,0.0,0.0
G0518,2,0.0,0.0
G0518,3,0.0,0.0
G0518,4,0.0,0.0
G0518,5,0.0,0.0
G0518,6,0.0,0.0
G0518,7,3.1616,0.0
G0518,8,13.4784,0.0
G0518,9,30.4512,0.0
G0518,10,47.59040000000001,0.0
G0518,11,61.90079999999999,0.0
G0518,12,71.3856,0.0
G0518,13,75.3792,0.0
G0518,14,72.5504,0.0
G0518,15,70.5536,0.0
G0518,16,58.239999999999995,0.0
G0518,17,49.2544,0.0
G0518,18,33.1136,0.0
G0518,19,19.3024,0.0
G0518,20,6.3232,0.0
G0518,21,0.8319999999999999,0.0
G0518,22,0.0,0.0
G0518,23,0.0,0.0
G0518,24,0.0,0.0
G0519,1,0.0,0.0
G0519,2,0.0,0.0
G0519,3,0.0,0.0
G0519,4,0.0,0.0
G0519,5,0.0,0.0
G0519,6,0.0,0.0
G0519,7,0.0266,0.0
G0519,8,0.1134,0.0
G0519,9,0.2562,0.0
G0519,10,0.4003999999999999,0.0
G0519,11,0.5208,0.0
G0519,12,0.6006,0.0
G0519,13,0.6342,0.0
G0519,14,0.6104,0.0
G0519,15,0.5936,0.0
G0519,16,0.49,0.0
G0519,17,0.41439999999999994,0.0
G0519,18,0.2786,0.0
G0519,19,0.1624,0.0
G0519,20,0.0532,0.0
G0519,21,0.006999999999999999,0.0
G0519,22,0.0,0.0
G0519,23,0.0,0.0
G0519,24,0.0,0.0
G0521,1,0.0,0.0
G0521,2,0.0,0.0
G0521,3,0.0,0.0
G0521,4,0.0,0.0
G0521,5,0.0,0.0
G0521,6,0.0,0.0
G0521,7,5.0388,0.0
G0521,8,21.4812,0.0
G0521,9,48.5316,0.0
G0521,10,75.8472,0.0
G0521,11,98.6544,0.0
G0521,12,113.7708,0.0
G0521,13,120.1356,0.0
G0521,14,115.62719999999999,0.0
G0521,15,112.4448,0.0
G0521,16,92.82,0.0
G0521,17,78.4992,0.0
G0521,18,52.7748,0.0
G0521,19,30.7632,0.0
G0521,20,10.0776,0.0
G0521,21,1.326,0.0
G0521,22,0.0,0.0
G0521,23,0.0,0.0
G0521,24,0.0,0.0
G0522,1,0.0,0.0
G0522,2,0.0,0.0
G0522,3,0.0,0.0
G0522,4,0.0,0.0
G0522,5,0.0,0.0
G0522,6,0.0,0.0
G0522,7,0.57,0.0
G0522,8,2.43,0.0
G0522,9,5.49,0.0
G0522,10,8.58,0.0
G0522,11,11.16,0.0
G0522,12,12.87,0.0
G0522,13,13.59,0.0
G0522,14,13.08,0.0
G0522,15,12.72,0.0
G0522,16,10.5,0.0
G0522,17,8.88,0.0
G0522,18,5.97,0.0
G0522,19,3.48,0.0
G0522,20,1.14,0.0
G0522,21,0.15,0.0
G0522,22,0.0,0.0
G0522,23,0.0,0.0
G0522,24,0.0,0.0
G0525,1,0.0,0.0
G0525,2,0.0,0.0
G0525,3,0.0,0.0
G0525,4,0.0,0.0
G0525,5,0.0,0.0
G0525,6,0.0,0.0
G0525,7,0.1064,0.0
G0525,8,0.4536,0.0
G0525,9,1.0248,0.0
G0525,10,1.6015999999999997,0.0
G0525,11,2.0832,0.0
G0525,12,2.4024,0.0
G0525,13,2.5368,0.0
G0525,14,2.4416,0.0
G0525,15,2.3744,0.0
G0525,16,1.96,0.0
G0525,17,1.6575999999999997,0.0
G0525,18,1.1144,0.0
G0525,19,0.6496,0.0
G0525,20,0.2128,0.0
G0525,21,0.027999999999999997,0.0
G0525,22,0.0,0.0
G0525,23,0.0,0.0
G0525,24,0.0,0.0
G0533,1,0.0,0.0
G0533,2,0.0,0.0
G0533,3,0.0,0.0
G0533,4,0.0,0.0
G0533,5,0.0,0.0
G0533,6,0.0,0.0
G0533,7,0.095,0.0
G0533,8,0.405,0.0
G0533,9,0.915,0.0
G0533,10,1.43,0.0
G0533,11,1.8599999999999999,0.0
G0533,12,2.145,0.0
G0533,13,2.265,0.0
G0533,14,2.18,0.0
G0533,15,2.12,0.0
G0533,16,1.75,0.0
G0533,17,1.48,0.0
G0533,18,0.9950000000000001,0.0
G0533,19,0.58,0.0
G0533,20,0.19,0.0
G0533,21,0.025,0.0
G0533,22,0.0,0.0
G0533,23,0.0,0.0
G0533,24,0.0,0.0
G0534,1,0.0,0.0
G0534,2,0.0,0.0
G0534,3,0.0,0.0
G0534,4,0.0,0.0
G0534,5,0.0,0.0
G0534,6,0.0,0.0
G0534,7,0.1406,0.0
G0534,8,0.5994,0.0
G0534,9,1.3542,0.0
G0534,10,2.1164,0.0
G0534,11,2.7528,0.0
G0534,12,3.1746,0.0
G0534,13,3.3522,0.0
G0534,14,3.2264,0.0
G0534,15,3.1376,0.0
G0534,16,2.59,0.0
G0534,17,2.1904,0.0
G0534,18,1.4726,0.0
G0534,19,0.8584,0.0
G0534,20,0.2812,0.0
G0534,21,0.037,0.0
G0534,22,0.0,0.0
G0534,23,0.0,0.0
G0534,24,0.0,0.0
G0535,1,0.0,0.0
G0535,2,0.0,0.0
G0535,3,0.0,0.0
G0535,4,0.0,0.0
G0535,5,0.0,0.0
G0535,6,0.0,0.0
G0535,7,1.1495,0.0
G0535,8,4.9005,0.0
G0535,9,11.0715,0.0
G0535,10,17.303,0.0
G0535,11,22.506,0.0
G0535,12,25.9545,0.0
G0535,13,27.4065,0.0
G0535,14,26.378,0.0
G0535,15,25.652,0.0
G0535,16,21.175,0.0
G0535,17,17.908,0.0
G0535,18,12.0395,0.0
G0535,19,7.018,0.0
G0535,20,2.299,0.0
G0535,21,0.3025,0.0
G0535,22,0.0,0.0
G0535,23,0.0,0.0
G0535,24,0.0,0.0
G0538,1,0.0,0.0
G0538,2,0.0,0.0
G0538,3,0.0,0.0
G0538,4,0.0,0.0
G0538,5,0.0,0.0
G0538,6,0.0,0.0
G0538,7,0.1406,0.0
G0538,8,0.5994,0.0
G0538,9,1.3542,0.0
G0538,10,2.1164,0.0
G0538,11,2.7528,0.0
G0538,12,3.1746,0.0
G0538,13,3.3522,0.0
G0538,14,3.2264,0.0
G0538,15,3.1376,0.0
G0538,16,2.59,0.0
G0538,17,2.1904,0.0
G0538,18,1.4726,0.0
G0538,19,0.8584,0.0
G0538,20,0.2812,0.0
G0538,21,0.037,0.0
G0538,22,0.0,0.0
G0538,23,0.0,0.0
G0538,24,0.0,0.0
G0541,1,0.0,0.0
G0541,2,0.0,0.0
G0541,3,0.0,0.0
G0541,4,0.0,0.0
G0541,5,0.0,0.0
G0541,6,0.0,0.0
G0541,7,0.9006,0.0
G0541,8,3.8394,0.0
G0541,9,8.6742,0.0
G0541,10,13.556400000000002,0.0
G0541,11,17.6328,0.0
G0541,12,20.3346,0.0
G0541,13,21.4722,0.0
G0541,14,20.6664,0.0
G0541,15,20.0976,0.0
G0541,16,16.59,0.0
G0541,17,14.030400000000002,0.0
G0541,18,9.4326,0.0
G0541,19,5.4984,0.0
G0541,20,1.8012,0.0
G0541,21,0.237,0.0
G0541,22,0.0,0.0
G0541,23,0.0,0.0
G0541,24,0.0,0.0
G0543,1,0.0,0.0
G0543,2,0.0,0.0
G0543,3,0.0,0.0
G0543,4,0.0,0.0
G0543,5,0.0,0.0
G0543,6,0.0,0.0
G0543,7,1.235,0.0
G0543,8,5.265,0.0
G0543,9,11.895,0.0
G0543,10,18.59,0.0
G0543,11,24.18,0.0
G0543,12,27.885,0.0
G0543,13,29.445,0.0
G0543,14,28.34,0.0
G0543,15,27.56,0.0
G0543,16,22.75,0.0
G0543,17,19.24,0.0
G0543,18,12.935,0.0
G0543,19,7.54,0.0
G0543,20,2.47,0.0
G0543,21,0.325,0.0
G0543,22,0.0,0.0
G0543,23,0.0,0.0
G0543,24,0.0,0.0
G0545,1,0.0,0.0
G0545,2,0.0,0.0
G0545,3,0.0,0.0
G0545,4,0.0,0.0
G0545,5,0.0,0.0
G0545,6,0.0,0.0
G0545,7,0.022800000000000004,0.0
G0545,8,0.0972,0.0
G0545,9,0.2196,0.0
G0545,10,0.3432,0.0
G0545,11,0.4464000000000001,0.0
G0545,12,0.5148,0.0
G0545,13,0.5436,0.0
G0545,14,0.5232,0.0
G0545,15,0.5088,0.0
G0545,16,0.42,0.0
G0545,17,0.3552,0.0
G0545,18,0.2388,0.0
G0545,19,0.1392,0.0
G0545,20,0.04560000000000001,0.0
G0545,21,0.006,0.0
G0545,22,0.0,0.0
G0545,23,0.0,0.0
G0545,24,0.0,0.0
G0547,1,0.0,0.0
G0547,2,0.0,0.0
G0547,3,0.0,0.0
G0547,4,0.0,0.0
G0547,5,0.0,0.0
G0547,6,0.0,0.0
G0547,7,2.4282,0.0
G0547,8,10.3518,0.0
G0547,9,23.3874,0.0
G0547,10,36.5508,0.0
G0547,11,47.5416,0.0
G0547,12,54.8262,0.0
G0547,13,57.8934,0.0
G0547,14,55.7208,0.0
G0547,15,54.1872,0.0
G0547,16,44.73,0.0
G0547,17,37.8288,0.0
G0547,18,25.4322,0.0
G0547,19,14.8248,0.0
G0547,20,4.8564,0.0
G0547,21,0.639,0.0
G0547,22,0.0,0.0
G0547,23,0.0,0.0
G0547,24,0.0,0.0
G0553,1,0.0,0.0
G0553,2,0.0,0.0
G0553,3,0.0,0.0
G0553,4,0.0,0.0
G0553,5,0.0,0.0
G0553,6,0.0,0.0
G0553,7,1.7898,0.0
G0553,8,7.6302,0.0
G0553,9,17.2386,0.0
G0553,10,26.9412,0.0
G0553,11,35.0424,0.0
G0553,12,40.4118,0.0
G0553,13,42.6726,0.0
G0553,14,41.0712,0.0
G0553,15,39.9408,0.0
G0553,16,32.97,0.0
G0553,17,27.8832,0.0
G0553,18,18.7458,0.0
G0553,19,10.9272,0.0
G0553,20,3.5796,0.0
G0553,21,0.4709999999999999,0.0
G0553,22,0.0,0.0
G0553,23,0.0,0.0
G0553,24,0.0,0.0
G0554,1,0.0,0.0
G0554,2,0.0,0.0
G0554,3,0.0,0.0
G0554,4,0.0,0.0
G0554,5,0.0,0.0
G0554,6,0.0,0.0
G0554,7,0.051300000000000005,0.0
G0554,8,0.21870000000000003,0.0
G0554,9,0.49409999999999993,0.0
G0554,10,0.7722,0.0
G0554,11,1.0044,0.0
G0554,12,1.1583,0.0
G0554,13,1.2231,0.0
G0554,14,1.1772,0.0
G0554,15,1.1448,0.0
G0554,16,0.945,0.0
G0554,17,0.7992,0.0
G0554,18,0.5373,0.0
G0554,19,0.3132,0.0
G0554,20,0.10260000000000001,0.0
G0554,21,0.013499999999999998,0.0
G0554,22,0.0,0.0
G0554,23,0.0,0.0
G0554,24,0.0,0.0
G0557,1,0.0,0.0
G0557,2,0.0,0.0
G0557,3,0.0,0.0
G0557,4,0.0,0.0
G0557,5,0.0,0.0
G0557,6,0.0,0.0
G0557,7,0.6764,0.0
G0557,8,2.8835999999999995,0.0
G0557,9,6.5148,0.0
G0557,10,10.1816,0.0
G0557,11,13.2432,0.0
G0557,12,15.272399999999998,0.0
G0557,13,16.1268,0.0
G0557,14,15.5216,0.0
G0557,15,15.0944,0.0
G0557,16,12.46,0.0
G0557,17,10.5376,0.0
G0557,18,7.0844,0.0
G0557,19,4.1296,0.0
G0557,20,1.3528,0.0
G0557,21,0.178,0.0
G0557,22,0.0,0.0
G0557,23,0.0,0.0
G0557,24,0.0,0.0
G0558,1,0.0,0.0
G0558,2,0.0,0.0
G0558,3,0.0,0.0
G0558,4,0.0,0.0
G0558,5,0.0,0.0
G0558,6,0.0,0.0
G0558,7,0.09690000000000001,0.0
G0558,8,0.4131000000000001,0.0
G0558,9,0.9333,0.0
G0558,10,1.4585999999999997,0.0
G0558,11,1.8972000000000002,0.0
G0558,12,2.1879,0.0
G0558,13,2.3103,0.0
G0558,14,2.2236,0.0
G0558,15,2.1624,0.0
G0558,16,1.7850000000000001,0.0
G0558,17,1.5096,0.0
G0558,18,1.0149,0.0
G0558,19,0.5916,0.0
G0558,20,0.19380000000000003,0.0
G0558,21,0.0255,0.0
G0558,22,0.0,0.0
G0558,23,0.0,0.0
G0558,24,0.0,0.0
G0559,1,0.0,0.0
G0559,2,0.0,0.0
G0559,3,0.0,0.0
G0559,4,0.0,0.0
G0559,5,0.0,0.0
G0559,6,0.0,0.0
G0559,7,0.0437,0.0
G0559,8,0.1863,0.0
G0559,9,0.4209,0.0
G0559,10,0.6578,0.0
G0559,11,0.8556,0.0
G0559,12,0.9867,0.0
G0559,13,1.0419,0.0
G0559,14,1.0028,0.0
G0559,15,0.9751999999999998,0.0
G0559,16,0.805,0.0
G0559,17,0.6808,0.0
G0559,18,0.4577,0.0
G0559,19,0.2668,0.0
G0559,20,0.0874,0.0
G0559,21,0.0115,0.0
G0559,22,0.0,0.0
G0559,23,0.0,0.0
G0559,24,0.0,0.0
G0560,1,0.0,0.0
G0560,2,0.0,0.0
G0560,3,0.0,0.0
G0560,4,0.0,0.0
G0560,5,0.0,0.0
G0560,6,0.0,0.0
G0560,7,0.1653,0.0
G0560,8,0.7047,0.0
G0560,9,1.5921,0.0
G0560,10,2.4882,0.0
G0560,11,3.2364,0.0
G0560,12,3.7323,0.0
G0560,13,3.9411000000000005,0.0
G0560,14,3.7932,0.0
G0560,15,3.6888,0.0
G0560,16,3.045,0.0
G0560,17,2.5752,0.0
G0560,18,1.7312999999999998,0.0
G0560,19,1.0092,0.0
G0560,20,0.3306,0.0
G0560,21,0.0435,0.0
G0560,22,0.0,0.0
G0560,23,0.0,0.0
G0560,24,0.0,0.0
G0561,1,0.0,0.0
G0561,2,0.0,0.0
G0561,3,0.0,0.0
G0561,4,0.0,0.0
G0561,5,0.0,0.0
G0561,6,0.0,0.0
G0561,7,0.1273,0.0
G0561,8,0.5427,0.0
G0561,9,1.2261,0.0
G0561,10,1.9162,0.0
G0561,11,2.4924,0.0
G0561,12,2.8743,0.0
G0561,13,3.0351,0.0
G0561,14,2.9212,0.0
G0561,15,2.8408,0.0
G0561,16,2.345,0.0
G0561,17,1.9832,0.0
G0561,18,1.3333,0.0
G0561,19,0.7772,0.0
G0561,20,0.2546,0.0
G0561,21,0.0335,0.0
G0561,22,0.0,0.0
G0561,23,0.0,0.0
G0561,24,0.0,0.0
G0562,1,0.0,0.0
G0562,2,0.0,0.0
G0562,3,0.0,0.0
G0562,4,0.0,0.0
G0562,5,0.0,0.0
G0562,6,0.0,0.0
G0562,7,0.0323,0.0
G0562,8,0.1377,0.0
G0562,9,0.3111,0.0
G0562,10,0.4862,0.0
G0562,11,0.6324,0.0
G0562,12,0.7293,0.0
G0562,13,0.7701,0.0
G0562,14,0.7412,0.0
G0562,15,0.7208,0.0
G0562,16,0.595,0.0
G0562,17,0.5032,0.0
G0562,18,0.3383,0.0
G0562,19,0.1972,0.0
G0562,20,0.0646,0.0
G0562,21,0.0085,0.0
G0562,22,0.0,0.0
G0562,23,0.0,0.0
G0562,24,0.0,0.0
G0568,1,0.0,0.0
G0568,2,0.0,0.0
G0568,3,0.0,0.0
G0568,4,0.0,0.0
G0568,5,0.0,0.0
G0568,6,0.0,0.0
G0568,7,0.0209,0.0
G0568,8,0.0891,0.0
G0568,9,0.2013,0.0
G0568,10,0.3146,0.0
G0568,11,0.4092,0.0
G0568,12,0.4719,0.0
G0568,13,0.4983,0.0
G0568,14,0.4796,0.0
G0568,15,0.4664,0.0
G0568,16,0.385,0.0
G0568,17,0.3256,0.0
G0568,18,0.2189,0.0
G0568,19,0.1276,0.0
G0568,20,0.0418,0.0
G0568,21,0.0055,0.0
G0568,22,0.0,0.0
G0568,23,0.0,0.0
G0568,24,0.0,0.0
G0571,1,0.0,0.0
G0571,2,0.0,0.0
G0571,3,0.0,0.0
G0571,4,0.0,0.0
G0571,5,0.0,0.0
G0571,6,0.0,0.0
G0571,7,0.051300000000000005,0.0
G0571,8,0.21870000000000003,0.0
G0571,9,0.49409999999999993,0.0
G0571,10,0.7722,0.0
G0571,11,1.0044,0.0
G0571,12,1.1583,0.0
G0571,13,1.2231,0.0
G0571,14,1.1772,0.0
G0571,15,1.1448,0.0
G0571,16,0.945,0.0
G0571,17,0.7992,0.0
G0571,18,0.5373,0.0
G0571,19,0.3132,0.0
G0571,20,0.10260000000000001,0.0
G0571,21,0.013499999999999998,0.0
G0571,22,0.0,0.0
G0571,23,0.0,0.0
G0571,24,0.0,0.0
G0573,1,0.0,0.0
G0573,2,0.0,0.0
G0573,3,0.0,0.0
G0573,4,0.0,0.0
G0573,5,0.0,0.0
G0573,6,0.0,0.0
G0573,7,0.3629,0.0
G0573,8,1.5471,0.0
G0573,9,3.4953,0.0
G0573,10,5.4626,0.0
G0573,11,7.105200000000001,0.0
G0573,12,8.1939,0.0
G0573,13,8.6523,0.0
G0573,14,8.3276,0.0
G0573,15,8.0984,0.0
G0573,16,6.6850000000000005,0.0
G0573,17,5.6536,0.0
G0573,18,3.8009,0.0
G0573,19,2.2156,0.0
G0573,20,0.7258,0.0
G0573,21,0.09550000000000002,0.0
G0573,22,0.0,0.0
G0573,23,0.0,0.0
G0573,24,0.0,0.0
G0574,1,0.0,0.0
G0574,2,0.0,0.0
G0574,3,0.0,0.0
G0574,4,0.0,0.0
G0574,5,0.0,0.0
G0574,6,0.0,0.0
G0574,7,0.37809999999999994,0.0
G0574,8,1.6119,0.0
G0574,9,3.6417,0.0
G0574,10,5.6914,0.0
G0574,11,7.402800000000001,0.0
G0574,12,8.5371,0.0
G0574,13,9.0147,0.0
G0574,14,8.6764,0.0
G0574,15,8.4376,0.0
G0574,16,6.965,0.0
G0574,17,5.8904,0.0
G0574,18,3.9600999999999997,0.0
G0574,19,2.3084,0.0
G0574,20,0.7561999999999999,0.0
G0574,21,0.09950000000000002,0.0
G0574,22,0.0,0.0
G0574,23,0.0,0.0
G0574,24,0.0,0.0
G0575,1,0.0,0.0
G0575,2,0.0,0.0
G0575,3,0.0,0.0
G0575,4,0.0,0.0
G0575,5,0.0,0.0
G0575,6,0.0,0.0
G0575,7,0.0817,0.0
G0575,8,0.3483,0.0
G0575,9,0.7869,0.0
G0575,10,1.2298,0.0
G0575,11,1.5996,0.0
G0575,12,1.8446999999999998,0.0
G0575,13,1.9479,0.0
G0575,14,1.8748,0.0
G0575,15,1.8232,0.0
G0575,16,1.505,0.0
G0575,17,1.2728,0.0
G0575,18,0.8557,0.0
G0575,19,0.4988,0.0
G0575,20,0.1634,0.0
G0575,21,0.0215,0.0
G0575,22,0.0,0.0
G0575,23,0.0,0.0
G0575,24,0.0,0.0
G0578,1,0.0,0.0
G0578,2,0.0,0.0
G0578,3,0.0,0.0
G0578,4,0.0,0.0
G0578,5,0.0,0.0
G0578,6,0.0,0.0
G0578,7,0.41040000000000004,0.0
G0578,8,1.7496000000000003,0.0
G0578,9,3.9527999999999994,0.0
G0578,10,6.1776,0.0
G0578,11,8.0352,0.0
G0578,12,9.2664,0.0
G0578,13,9.7848,0.0
G0578,14,9.4176,0.0
G0578,15,9.1584,0.0
G0578,16,7.56,0.0
G0578,17,6.3936,0.0
G0578,18,4.2984,0.0
G0578,19,2.5056,0.0
G0578,20,0.8208000000000001,0.0
G0578,21,0.10799999999999998,0.0
G0578,22,0.0,0.0
G0578,23,0.0,0.0
G0578,24,0.0,0.0
G0579,1,0.0,0.0
G0579,2,0.0,0.0
G0579,3,0.0,0.0
G0579,4,0.0,0.0
G0579,5,0.0,0.0
G0579,6,0.0,0.0
G0579,7,0.11969999999999999,0.0
G0579,8,0.5103,0.0
G0579,9,1.1529,0.0
G0579,10,1.8018,0.0
G0579,11,2.3436,0.0
G0579,12,2.7027,0.0
G0579,13,2.8539,0.0
G0579,14,2.7468,0.0
G0579,15,2.6712,0.0
G0579,16,2.205,0.0
G0579,17,1.8647999999999998,0.0
G0579,18,1.2537,0.0
G0579,19,0.7308,0.0
G0579,20,0.23939999999999997,0.0
G0579,21,0.0315,0.0
G0579,22,0.0,0.0
G0579,23,0.0,0.0
G0579,24,0.0,0.0
G0581,1,0.0,0.0
G0581,2,0.0,0.0
G0581,3,0.0,0.0
G0581,4,0.0,0.0
G0581,5,0.0,0.0
G0581,6,0.0,0.0
G0581,7,0.95,0.0
G0581,8,4.05,0.0
G0581,9,9.15,0.0
G0581,10,14.3,0.0
G0581,11,18.6,0.0
G0581,12,21.45,0.0
G0581,13,22.65,0.0
G0581,14,21.8,0.0
G0581,15,21.2,0.0
G0581,16,17.5,0.0
G0581,17,14.800000000000002,0.0
G0581,18,9.95,0.0
G0581,19,5.8,0.0
G0581,20,1.9,0.0
G0581,21,0.25,0.0
G0581,22,0.0,0.0
G0581,23,0.0,0.0
G0581,24,0.0,0.0
G0582,1,0.0,0.0
G0582,2,0.0,0.0
G0582,3,0.0,0.0
G0582,4,0.0,0.0
G0582,5,0.0,0.0
G0582,6,0.0,0.0
G0582,7,0.1368,0.0
G0582,8,0.5832,0.0
G0582,9,1.3176,0.0
G0582,10,2.0592,0.0
G0582,11,2.6784,0.0
G0582,12,3.0888,0.0
G0582,13,3.2616,0.0
G0582,14,3.1392,0.0
G0582,15,3.0528,0.0
G0582,16,2.52,0.0
G0582,17,2.1312,0.0
G0582,18,1.4328,0.0
G0582,19,0.8352,0.0
G0582,20,0.2736,0.0
G0582,21,0.036,0.0
G0582,22,0.0,0.0
G0582,23,0.0,0.0
G0582,24,0.0,0.0
G0584,1,0.0,0.0
G0584,2,0.0,0.0
G0584,3,0.0,0.0
G0584,4,0.0,0.0
G0584,5,0.0,0.0
G0584,6,0.0,0.0
G0584,7,0.1577,0.0
G0584,8,0.6723,0.0
G0584,9,1.5189,0.0
G0584,10,2.3738,0.0
G0584,11,3.0876,0.0
G0584,12,3.5607,0.0
G0584,13,3.7599,0.0
G0584,14,3.6188,0.0
G0584,15,3.5192,0.0
G0584,16,2.905,0.0
G0584,17,2.4568,0.0
G0584,18,1.6517,0.0
G0584,19,0.9628,0.0
G0584,20,0.3154,0.0
G0584,21,0.0415,0.0
G0584,22,0.0,0.0
G0584,23,0.0,0.0
G0584,24,0.0,0.0
G0585,1,0.0,0.0
G0585,2,0.0,0.0
G0585,3,0.0,0.0
G0585,4,0.0,0.0
G0585,5,0.0,0.0
G0585,6,0.0,0.0
G0585,7,0.23939999999999997,0.0
G0585,8,1.0206,0.0
G0585,9,2.3058,0.0
G0585,10,3.6036,0.0
G0585,11,4.6872,0.0
G0585,12,5.4054,0.0
G0585,13,5.7078,0.0
G0585,14,5.4936,0.0
G0585,15,5.3424,0.0
G0585,16,4.41,0.0
G0585,17,3.7295999999999996,0.0
G0585,18,2.5074,0.0
G0585,19,1.4616,0.0
G0585,20,0.47879999999999995,0.0
G0585,21,0.063,0.0
G0585,22,0.0,0.0
G0585,23,0.0,0.0
G0585,24,0.0,0.0
G0588,1,0.0,0.0
G0588,2,0.0,0.0
G0588,3,0.0,0.0
G0588,4,0.0,0.0
G0588,5,0.0,0.0
G0588,6,0.0,0.0
G0588,7,0.095,0.0
G0588,8,0.405,0.0
G0588,9,0.915,0.0
G0588,10,1.43,0.0
G0588,11,1.8599999999999999,0.0
G0588,12,2.145,0.0
G0588,13,2.265,0.0
G0588,14,2.18,0.0
G0588,15,2.12,0.0
G0588,16,1.75,0.0
G0588,17,1.48,0.0
G0588,18,0.9950000000000001,0.0
G0588,19,0.58,0.0
G0588,20,0.19,0.0
G0588,21,0.025,0.0
G0588,22,0.0,0.0
G0588,23,0.0,0.0
G0588,24,0.0,0.0
G0601,1,0.0,0.0
G0601,2,0.0,0.0
G0601,3,0.0,0.0
G0601,4,0.0,0.0
G0601,5,0.0,0.0
G0601,6,0.0,0.0
G0601,7,1.0222,0.0
G0601,8,4.3578,0.0
G0601,9,9.8454,0.0
G0601,10,15.386799999999997,0.0
G0601,11,20.0136,0.0
G0601,12,23.0802,0.0
G0601,13,24.3714,0.0
G0601,14,23.4568,0.0
G0601,15,22.8112,0.0
G0601,16,18.83,0.0
G0601,17,15.924799999999998,0.0
G0601,18,10.7062,0.0
G0601,19,6.2408,0.0
G0601,20,2.0444,0.0
G0601,21,0.269,0.0
G0601,22,0.0,0.0
G0601,23,0.0,0.0
G0601,24,0.0,0.0
G0604,1,0.0,0.0
G0604,2,0.0,0.0
G0604,3,0.0,0.0
G0604,4,0.0,0.0
G0604,5,0.0,0.0
G0604,6,0.0,0.0
G0604,7,0.2451,0.0
G0604,8,1.0449,0.0
G0604,9,2.3607,0.0
G0604,10,3.6894,0.0
G0604,11,4.7988,0.0
G0604,12,5.5341,0.0
G0604,13,5.8437,0.0
G0604,14,5.6244,0.0
G0604,15,5.4696,0.0
G0604,16,4.515,0.0
G0604,17,3.8184,0.0
G0604,18,2.5671,0.0
G0604,19,1.4964,0.0
G0604,20,0.4902,0.0
G0604,21,0.0645,0.0
G0604,22,0.0,0.0
G0604,23,0.0,0.0
G0604,24,0.0,0.0
G0607,1,0.0,0.0
G0607,2,0.0,0.0
G0607,3,0.0,0.0
G0607,4,0.0,0.0
G0607,5,0.0,0.0
G0607,6,0.0,0.0
G0607,7,5.7513,0.0
G0607,8,24.5187,0.0
G0607,9,55.3941,0.0
G0607,10,86.5722,0.0
G0607,11,112.6044,0.0
G0607,12,129.8583,0.0
G0607,13,137.1231,0.0
G0607,14,131.9772,0.0
G0607,15,128.3448,0.0
G0607,16,105.945,0.0
G0607,17,89.5992,0.0
G0607,18,60.2373,0.0
G0607,19,35.1132,0.0
G0607,20,11.5026,0.0
G0607,21,1.5135,0.0
G0607,22,0.0,0.0
G0607,23,0.0,0.0
G0607,24,0.0,0.0
G0608,1,0.0,0.0
G0608,2,0.0,0.0
G0608,3,0.0,0.0
G0608,4,0.0,0.0
G0608,5,0.0,0.0
G0608,6,0.0,0.0
G0608,7,1.1951,0.0
G0608,8,5.0949,0.0
G0608,9,11.5107,0.0
G0608,10,17.9894,0.0
G0608,11,23.3988,0.0
G0608,12,26.9841,0.0
G0608,13,28.4937,0.0
G0608,14,27.4244,0.0
G0608,15,26.6696,0.0
G0608,16,22.015,0.0
G0608,17,18.6184,0.0
G0608,18,12.5171,0.0
G0608,19,7.2964,0.0
G0608,20,2.3902,0.0
G0608,21,0.3145,0.0
G0608,22,0.0,0.0
G0608,23,0.0,0.0
G0608,24,0.0,0.0
G0610,1,0.0,0.0
G0610,2,0.0,0.0
G0610,3,0.0,0.0
G0610,4,0.0,0.0
G0610,5,0.0,0.0
G0610,6,0.0,0.0
G0610,7,0.133,0.0
G0610,8,0.567,0.0
G0610,9,1.281,0.0
G0610,10,2.002,0.0
G0610,11,2.604,0.0
G0610,12,3.003,0.0
G0610,13,3.171,0.0
G0610,14,3.052,0.0
G0610,15,2.968,0.0
G0610,16,2.45,0.0
G0610,17,2.072,0.0
G0610,18,1.393,0.0
G0610,19,0.812,0.0
G0610,20,0.266,0.0
G0610,21,0.035,0.0
G0610,22,0.0,0.0
G0610,23,0.0,0.0
G0610,24,0.0,0.0
G0611,1,0.0,0.0
G0611,2,0.0,0.0
G0611,3,0.0,0.0
G0611,4,0.0,0.0
G0611,5,0.0,0.0
G0611,6,0.0,0.0
G0611,7,0.19,0.0
G0611,8,0.81,0.0
G0611,9,1.83,0.0
G0611,10,2.86,0.0
G0611,11,3.7199999999999998,0.0
G0611,12,4.29,0.0
G0611,13,4.53,0.0
G0611,14,4.36,0.0
G0611,15,4.24,0.0
G0611,16,3.5,0.0
G0611,17,2.96,0.0
G0611,18,1.9900000000000002,0.0
G0611,19,1.16,0.0
G0611,20,0.38,0.0
G0611,21,0.05,0.0
G0611,22,0.0,0.0
G0611,23,0.0,0.0
G0611,24,0.0,0.0
G0612,1,0.0,0.0
G0612,2,0.0,0.0
G0612,3,0.0,0.0
G0612,4,0.0,0.0
G0612,5,0.0,0.0
G0612,6,0.0,0.0
G0612,7,8.056,0.0
G0612,8,34.344,0.0
G0612,9,77.592,0.0
G0612,10,121.264,0.0
G0612,11,157.728,0.0
G0612,12,181.896,0.0
G0612,13,192.072,0.0
G0612,14,184.864,0.0
G0612,15,179.776,0.0
G0612,16,148.4,0.0
G0612,17,125.50399999999999,0.0
G0612,18,84.376,0.0
G0612,19,49.184,0.0
G0612,20,16.112,0.0
G0612,21,2.12,0.0
G0612,22,0.0,0.0
G0612,23,0.0,0.0
G0612,24,0.0,0.0
G0613,1,0.0,0.0
G0613,2,0.0,0.0
G0613,3,0.0,0.0
G0613,4,0.0,0.0
G0613,5,0.0,0.0
G0613,6,0.0,0.0
G0613,7,2.3503,0.0
G0613,8,10.0197,0.0
G0613,9,22.6371,0.0
G0613,10,35.3782,0.0
G0613,11,46.0164,0.0
G0613,12,53.0673,0.0
G0613,13,56.0361,0.0
G0613,14,53.9332,0.0
G0613,15,52.4488,0.0
G0613,16,43.295,0.0
G0613,17,36.6152,0.0
G0613,18,24.6163,0.0
G0613,19,14.3492,0.0
G0613,20,4.7006,0.0
G0613,21,0.6185,0.0
G0613,22,0.0,0.0
G0613,23,0.0,0.0
G0613,24,0.0,0.0
G0614,1,0.0,0.0
G0614,2,0.0,0.0
G0614,3,0.0,0.0
G0614,4,0.0,0.0
G0614,5,0.0,0.0
G0614,6,0.0,0.0
G0614,7,9.6539,0.0
G0614,8,41.1561,0.0
G0614,9,92.9823,0.0
G0614,10,145.3166,0.0
G0614,11,189.0132,0.0
G0614,12,217.9749,0.0
G0614,13,230.1693,0.0
G0614,14,221.5316,0.0
G0614,15,215.4344,0.0
G0614,16,177.835,0.0
G0614,17,150.3976,0.0
G0614,18,101.1119,0.0
G0614,19,58.9396,0.0
G0614,20,19.3078,0.0
G0614,21,2.5405,0.0
G0614,22,0.0,0.0
G0614,23,0.0,0.0
G0614,24,0.0,0.0
G0615,1,0.0,0.0
G0615,2,0.0,0.0
G0615,3,0.0,0.0
G0615,4,0.0,0.0
G0615,5,0.0,0.0
G0615,6,0.0,0.0
G0615,7,0.11399999999999999,0.0
G0615,8,0.486,0.0
G0615,9,1.098,0.0
G0615,10,1.7159999999999997,0.0
G0615,11,2.232,0.0
G0615,12,2.574,0.0
G0615,13,2.718,0.0
G0615,14,2.616,0.0
G0615,15,2.544,0.0
G0615,16,2.1,0.0
G0615,17,1.7759999999999998,0.0
G0615,18,1.194,0.0
G0615,19,0.696,0.0
G0615,20,0.22799999999999998,0.0
G0615,21,0.03,0.0
G0615,22,0.0,0.0
G0615,23,0.0,0.0
G0615,24,0.0,0.0
G0616,1,0.0,0.0
G0616,2,0.0,0.0
G0616,3,0.0,0.0
G0616,4,0.0,0.0
G0616,5,0.0,0.0
G0616,6,0.0,0.0
G0616,7,0.95,0.0
G0616,8,4.05,0.0
G0616,9,9.15,0.0
G0616,10,14.3,0.0
G0616,11,18.6,0.0
G0616,12,21.45,0.0
G0616,13,22.65,0.0
G0616,14,21.8,0.0
G0616,15,21.2,0.0
G0616,16,17.5,0.0
G0616,17,14.800000000000002,0.0
G0616,18,9.95,0.0
G0616,19,5.8,0.0
G0616,20,1.9,0.0
G0616,21,0.25,0.0
G0616,22,0.0,0.0
G0616,23,0.0,0.0
G0616,24,0.0,0.0
G0617,1,0.0,0.0
G0617,2,0.0,0.0
G0617,3,0.0,0.0
G0617,4,0.0,0.0
G0617,5,0.0,0.0
G0617,6,0.0,0.0
G0617,7,0.0399,0.0
G0617,8,0.1701,0.0
G0617,9,0.3843,0.0
G0617,10,0.6006,0.0
G0617,11,0.7812,0.0
G0617,12,0.9009,0.0
G0617,13,0.9513,0.0
G0617,14,0.9156,0.0
G0617,15,0.8904,0.0
G0617,16,0.735,0.0
G0617,17,0.6216,0.0
G0617,18,0.4179,0.0
G0617,19,0.2436,0.0
G0617,20,0.0798,0.0
G0617,21,0.0105,0.0
G0617,22,0.0,0.0
G0617,23,0.0,0.0
G0617,24,0.0,0.0
G0621,1,0.0,0.0
G0621,2,0.0,0.0
G0621,3,0.0,0.0
G0621,4,0.0,0.0
G0621,5,0.0,0.0
G0621,6,0.0,0.0
G0621,7,2.7873,0.0
G0621,8,11.8827,0.0
G0621,9,26.8461,0.0
G0621,10,41.9562,0.0
G0621,11,54.5724,0.0
G0621,12,62.9343,0.0
G0621,13,66.4551,0.0
G0621,14,63.9612,0.0
G0621,15,62.2008,0.0
G0621,16,51.345,0.0
G0621,17,43.4232,0.0
G0621,18,29.1933,0.0
G0621,19,17.0172,0.0
G0621,20,5.5746,0.0
G0621,21,0.7335,0.0
G0621,22,0.0,0.0
G0621,23,0.0,0.0
G0621,24,0.0,0.0
G0622,1,0.0,0.0
G0622,2,0.0,0.0
G0622,3,0.0,0.0
G0622,4,0.0,0.0
G0622,5,0.0,0.0
G0622,6,0.0,0.0
G0622,7,2.3598,0.0
G0622,8,10.0602,0.0
G0622,9,22.7286,0.0
G0622,10,35.5212,0.0
G0622,11,46.2024,0.0
G0622,12,53.2818,0.0
G0622,13,56.2626,0.0
G0622,14,54.1512,0.0
G0622,15,52.6608,0.0
G0622,16,43.47,0.0
G0622,17,36.7632,0.0
G0622,18,24.7158,0.0
G0622,19,14.4072,0.0
G0622,20,4.7196,0.0
G0622,21,0.621,0.0
G0622,22,0.0,0.0
G0622,23,0.0,0.0
G0622,24,0.0,0.0
G0623,1,0.0,0.0
G0623,2,0.0,0.0
G0623,3,0.0,0.0
G0623,4,0.0,0.0
G0623,5,0.0,0.0
G0623,6,0.0,0.0
G0623,7,0.0684,0.0
G0623,8,0.2916,0.0
G0623,9,0.6588,0.0
G0623,10,1.0296,0.0
G0623,11,1.3392,0.0
G0623,12,1.5444,0.0
G0623,13,1.6308,0.0
G0623,14,1.5696,0.0
G0623,15,1.5264,0.0
G0623,16,1.26,0.0
G0623,17,1.0656,0.0
G0623,18,0.7164,0.0
G0623,19,0.4176,0.0
G0623,20,0.1368,0.0
G0623,21,0.018,0.0
G0623,22,0.0,0.0
G0623,23,0.0,0.0
G0623,24,0.0,0.0
G0624,1,0.0,0.0
G0624,2,0.0,0.0
G0624,3,0.0,0.0
G0624,4,0.0,0.0
G0624,5,0.0,0.0
G0624,6,0.0,0.0
G0624,7,0.0494,0.0
G0624,8,0.2106,0.0
G0624,9,0.4758,0.0
G0624,10,0.7436000000000001,0.0
G0624,11,0.9671999999999998,0.0
G0624,12,1.1154,0.0
G0624,13,1.1778,0.0
G0624,14,1.1336,0.0
G0624,15,1.1024,0.0
G0624,16,0.9099999999999999,0.0
G0624,17,0.7696,0.0
G0624,18,0.5174,0.0
G0624,19,0.3016,0.0
G0624,20,0.0988,0.0
G0624,21,0.012999999999999998,0.0
G0624,22,0.0,0.0
G0624,23,0.0,0.0
G0624,24,0.0,0.0
G0625,1,0.0,0.0
G0625,2,0.0,0.0
G0625,3,0.0,0.0
G0625,4,0.0,0.0
G0625,5,0.0,0.0
G0625,6,0.0,0.0
G0625,7,0.038,0.0
G0625,8,0.162,0.0
G0625,9,0.366,0.0
G0625,10,0.572,0.0
G0625,11,0.744,0.0
G0625,12,0.858,0.0
G0625,13,0.906,0.0
G0625,14,0.872,0.0
G0625,15,0.848,0.0
G0625,16,0.7,0.0
G0625,17,0.592,0.0
G0625,18,0.398,0.0
G0625,19,0.232,0.0
G0625,20,0.076,0.0
G0625,21,0.01,0.0
G0625,22,0.0,0.0
G0625,23,0.0,0.0
G0625,24,0.0,0.0
G0628,1,0.0,0.0
G0628,2,0.0,0.0
G0628,3,0.0,0.0
G0628,4,0.0,0.0
G0628,5,0.0,0.0
G0628,6,0.0,0.0
G0628,7,0.0266,0.0
G0628,8,0.1134,0.0
G0628,9,0.2562,0.0
G0628,10,0.4003999999999999,0.0
G0628,11,0.5208,0.0
G0628,12,0.6006,0.0
G0628,13,0.6342,0.0
G0628,14,0.6104,0.0
G0628,15,0.5936,0.0
G0628,16,0.49,0.0
G0628,17,0.41439999999999994,0.0
G0628,18,0.2786,0.0
G0628,19,0.1624,0.0
G0628,20,0.0532,0.0
G0628,21,0.006999999999999999,0.0
G0628,22,0.0,0.0
G0628,23,0.0,0.0
G0628,24,0.0,0.0
G0630,1,0.0,0.0
G0630,2,0.0,0.0
G0630,3,0.0,0.0
G0630,4,0.0,0.0
G0630,5,0.0,0.0
G0630,6,0.0,0.0
G0630,7,0.2964,0.0
G0630,8,1.2636,0.0
G0630,9,2.8548,0.0
G0630,10,4.4616,0.0
G0630,11,5.8032,0.0
G0630,12,6.6924,0.0
G0630,13,7.0668,0.0
G0630,14,6.8016,0.0
G0630,15,6.6144,0.0
G0630,16,5.46,0.0
G0630,17,4.6176,0.0
G0630,18,3.1044,0.0
G0630,19,1.8096,0.0
G0630,20,0.5928,0.0
G0630,21,0.078,0.0
G0630,22,0.0,0.0
G0630,23,0.0,0.0
G0630,24,0.0,0.0
G0631,1,0.0,0.0
G0631,2,0.0,0.0
G0631,3,0.0,0.0
G0631,4,0.0,0.0
G0631,5,0.0,0.0
G0631,6,0.0,0.0
G0631,7,0.022800000000000004,0.0
G0631,8,0.0972,0.0
G0631,9,0.2196,0.0
G0631,10,0.3432,0.0
G0631,11,0.4464000000000001,0.0
G0631,12,0.5148,0.0
G0631,13,0.5436,0.0
G0631,14,0.5232,0.0
G0631,15,0.5088,0.0
G0631,16,0.42,0.0
G0631,17,0.3552,0.0
G0631,18,0.2388,0.0
G0631,19,0.1392,0.0
G0631,20,0.04560000000000001,0.0
G0631,21,0.006,0.0
G0631,22,0.0,0.0
G0631,23,0.0,0.0
G0631,24,0.0,0.0
G0634,1,0.0,0.0
G0634,2,0.0,0.0
G0634,3,0.0,0.0
G0634,4,0.0,0.0
G0634,5,0.0,0.0
G0634,6,0.0,0.0
G0634,7,0.3534,0.0
G0634,8,1.5066,0.0
G0634,9,3.4038000000000004,0.0
G0634,10,5.3196,0.0
G0634,11,6.919200000000001,0.0
G0634,12,7.9794,0.0
G0634,13,8.4258,0.0
G0634,14,8.1096,0.0
G0634,15,7.8864,0.0
G0634,16,6.51,0.0
G0634,17,5.5056,0.0
G0634,18,3.7014,0.0
G0634,19,2.1576,0.0
G0634,20,0.7068,0.0
G0634,21,0.093,0.0
G0634,22,0.0,0.0
G0634,23,0.0,0.0
G0634,24,0.0,0.0
G0635,1,0.0,0.0
G0635,2,0.0,0.0
G0635,3,0.0,0.0
G0635,4,0.0,0.0
G0635,5,0.0,0.0
G0635,6,0.0,0.0
G0635,7,0.1007,0.0
G0635,8,0.4293,0.0
G0635,9,0.9699,0.0
G0635,10,1.5158,0.0
G0635,11,1.9716,0.0
G0635,12,2.2737,0.0
G0635,13,2.4009,0.0
G0635,14,2.3108,0.0
G0635,15,2.2472,0.0
G0635,16,1.8550000000000002,0.0
G0635,17,1.5688,0.0
G0635,18,1.0547,0.0
G0635,19,0.6148,0.0
G0635,20,0.2014,0.0
G0635,21,0.0265,0.0
G0635,22,0.0,0.0
G0635,23,0.0,0.0
G0635,24,0.0,0.0
G0636,1,0.0,0.0
G0636,2,0.0,0.0
G0636,3,0.0,0.0
G0636,4,0.0,0.0
G0636,5,0.0,0.0
G0636,6,0.0,0.0
G0636,7,0.8702,0.0
G0636,8,3.7098,0.0
G0636,9,8.3814,0.0
G0636,10,13.0988,0.0
G0636,11,17.0376,0.0
G0636,12,19.6482,0.0
G0636,13,20.7474,0.0
G0636,14,19.9688,0.0
G0636,15,19.4192,0.0
G0636,16,16.03,0.0
G0636,17,13.5568,0.0
G0636,18,9.1142,0.0
G0636,19,5.3128,0.0
G0636,20,1.7404,0.0
G0636,21,0.22899999999999998,0.0
G0636,22,0.0,0.0
G0636,23,0.0,0.0
G0636,24,0.0,0.0
G0639,1,0.0,0.0
G0639,2,0.0,0.0
G0639,3,0.0,0.0
G0639,4,0.0,0.0
G0639,5,0.0,0.0
G0639,6,0.0,0.0
G0639,7,0.532,0.0
G0639,8,2.268,0.0
G0639,9,5.124,0.0
G0639,10,8.008,0.0
G0639,11,10.416,0.0
G0639,12,12.012,0.0
G0639,13,12.684,0.0
G0639,14,12.208,0.0
G0639,15,11.872,0.0
G0639,16,9.8,0.0
G0639,17,8.288,0.0
G0639,18,5.572,0.0
G0639,19,3.248,0.0
G0639,20,1.064,0.0
G0639,21,0.14,0.0
G0639,22,0.0,0.0
G0639,23,0.0,0.0
G0639,24,0.0,0.0
G0641,1,0.0,0.0
G0641,2,0.0,0.0
G0641,3,0.0,0.0
G0641,4,0.0,0.0
G0641,5,0.0,0.0
G0641,6,0.0,0.0
G0641,7,0.0266,0.0
G0641,8,0.1134,0.0
G0641,9,0.2562,0.0
G0641,10,0.4003999999999999,0.0
G0641,11,0.5208,0.0
G0641,12,0.6006,0.0
G0641,13,0.6342,0.0
G0641,14,0.6104,0.0
G0641,15,0.5936,0.0
G0641,16,0.49,0.0
G0641,17,0.41439999999999994,0.0
G0641,18,0.2786,0.0
G0641,19,0.1624,0.0
G0641,20,0.0532,0.0
G0641,21,0.006999999999999999,0.0
G0641,22,0.0,0.0
G0641,23,0.0,0.0
G0641,24,0.0,0.0
G0642,1,0.0,0.0
G0642,2,0.0,0.0
G0642,3,0.0,0.0
G0642,4,0.0,0.0
G0642,5,0.0,0.0
G0642,6,0.0,0.0
G0642,7,1.1818,0.0
G0642,8,5.0382,0.0
G0642,9,11.3826,0.0
G0642,10,17.7892,0.0
G0642,11,23.1384,0.0
G0642,12,26.6838,0.0
G0642,13,28.1766,0.0
G0642,14,27.1192,0.0
G0642,15,26.3728,0.0
G0642,16,21.77,0.0
G0642,17,18.4112,0.0
G0642,18,12.3778,0.0
G0642,19,7.2152,0.0
G0642,20,2.3636,0.0
G0642,21,0.311,0.0
G0642,22,0.0,0.0
G0642,23,0.0,0.0
G0642,24,0.0,0.0
G0647,1,0.0,0.0
G0647,2,0.0,0.0
G0647,3,0.0,0.0
G0647,4,0.0,0.0
G0647,5,0.0,0.0
G0647,6,0.0,0.0
G0647,7,0.028499999999999998,0.0
G0647,8,0.1215,0.0
G0647,9,0.2745,0.0
G0647,10,0.42899999999999994,0.0
G0647,11,0.558,0.0
G0647,12,0.6435,0.0
G0647,13,0.6795,0.0
G0647,14,0.654,0.0
G0647,15,0.636,0.0
G0647,16,0.525,0.0
G0647,17,0.44399999999999995,0.0
G0647,18,0.2985,0.0
G0647,19,0.174,0.0
G0647,20,0.056999999999999995,0.0
G0647,21,0.0075,0.0
G0647,22,0.0,0.0
G0647,23,0.0,0.0
G0647,24,0.0,0.0
G0650,1,0.0,0.0
G0650,2,0.0,0.0
G0650,3,0.0,0.0
G0650,4,0.0,0.0
G0650,5,0.0,0.0
G0650,6,0.0,0.0
G0650,7,0.1273,0.0
G0650,8,0.5427,0.0
G0650,9,1.2261,0.0
G0650,10,1.9162,0.0
G0650,11,2.4924,0.0
G0650,12,2.8743,0.0
G0650,13,3.0351,0.0
G0650,14,2.9212,0.0
G0650,15,2.8408,0.0
G0650,16,2.345,0.0
G0650,17,1.9831999999999999,0.0
G0650,18,1.3333,0.0
G0650,19,0.7772,0.0
G0650,20,0.2546,0.0
G0650,21,0.0335,0.0
G0650,22,0.0,0.0
G0650,23,0.0,0.0
G0650,24,0.0,0.0
G0652,1,0.0,0.0
G0652,2,0.0,0.0
G0652,3,0.0,0.0
G0652,4,0.0,0.0
G0652,5,0.0,0.0
G0652,6,0.0,0.0
G0652,7,0.3363,0.0
G0652,8,1.4337,0.0
G0652,9,3.2391,0.0
G0652,10,5.0622,0.0
G0652,11,6.5844,0.0
G0652,12,7.5933,0.0
G0652,13,8.0181,0.0
G0652,14,7.7172,0.0
G0652,15,7.5048,0.0
G0652,16,6.195,0.0
G0652,17,5.2392,0.0
G0652,18,3.5223,0.0
G0652,19,2.0532,0.0
G0652,20,0.6726,0.0
G0652,21,0.0885,0.0
G0652,22,0.0,0.0
G0652,23,0.0,0.0
G0652,24,0.0,0.0
G0654,1,0.0,0.0
G0654,2,0.0,0.0
G0654,3,0.0,0.0
G0654,4,0.0,0.0
G0654,5,0.0,0.0
G0654,6,0.0,0.0
G0654,7,4.921,0.0
G0654,8,20.979,0.0
G0654,9,47.397,0.0
G0654,10,74.074,0.0
G0654,11,96.348,0.0
G0654,12,111.111,0.0
G0654,13,117.327,0.0
G0654,14,112.924,0.0
G0654,15,109.816,0.0
G0654,16,90.65,0.0
G0654,17,76.664,0.0
G0654,18,51.541,0.0
G0654,19,30.044,0.0
G0654,20,9.842,0.0
G0654,21,1.295,0.0
G0654,22,0.0,0.0
G0654,23,0.0,0.0
G0654,24,0.0,0.0
G0655,1,0.0,0.0
G0655,2,0.0,0.0
G0655,3,0.0,0.0
G0655,4,0.0,0.0
G0655,5,0.0,0.0
G0655,6,0.0,0.0
G0655,7,0.0266,0.0
G0655,8,0.1134,0.0
G0655,9,0.2562,0.0
G0655,10,0.4003999999999999,0.0
G0655,11,0.5208,0.0
G0655,12,0.6006,0.0
G0655,13,0.6342,0.0
G0655,14,0.6104,0.0
G0655,15,0.5936,0.0
G0655,16,0.49,0.0
G0655,17,0.41439999999999994,0.0
G0655,18,0.2786,0.0
G0655,19,0.1624,0.0
G0655,20,0.0532,0.0
G0655,21,0.006999999999999999,0.0
G0655,22,0.0,0.0
G0655,23,0.0,0.0
G0655,24,0.0,0.0
G0665,1,0.0,0.0
G0665,2,0.0,0.0
G0665,3,0.0,0.0
G0665,4,0.0,0.0
G0665,5,0.0,0.0
G0665,6,0.0,0.0
G0665,7,0.7676,0.0
G0665,8,3.2724,0.0
G0665,9,7.393200000000001,0.0
G0665,10,11.5544,0.0
G0665,11,15.028799999999999,0.0
G0665,12,17.3316,0.0
G0665,13,18.3012,0.0
G0665,14,17.6144,0.0
G0665,15,17.1296,0.0
G0665,16,14.14,0.0
G0665,17,11.9584,0.0
G0665,18,8.0396,0.0
G0665,19,4.6864,0.0
G0665,20,1.5352,0.0
G0665,21,0.20199999999999999,0.0
G0665,22,0.0,0.0
G0665,23,0.0,0.0
G0665,24,0.0,0.0
G0667,1,0.0,0.0
G0667,2,0.0,0.0
G0667,3,0.0,0.0
G0667,4,0.0,0.0
G0667,5,0.0,0.0
G0667,6,0.0,0.0
G0667,7,0.1596,0.0
G0667,8,0.6804,0.0
G0667,9,1.5372,0.0
G0667,10,2.4024,0.0
G0667,11,3.1248,0.0
G0667,12,3.6036,0.0
G0667,13,3.8052,0.0
G0667,14,3.6624,0.0
G0667,15,3.5616,0.0
G0667,16,2.94,0.0
G0667,17,2.4864,0.0
G0667,18,1.6716,0.0
G0667,19,0.9744,0.0
G0667,20,0.3192,0.0
G0667,21,0.042,0.0
G0667,22,0.0,0.0
G0667,23,0.0,0.0
G0667,24,0.0,0.0
G0669,1,0.0,0.0
G0669,2,0.0,0.0
G0669,3,0.0,0.0
G0669,4,0.0,0.0
G0669,5,0.0,0.0
G0669,6,0.0,0.0
G0669,7,0.2033,0.0
G0669,8,0.8666999999999999,0.0
G0669,9,1.9580999999999997,0.0
G0669,10,3.0602,0.0
G0669,11,3.9803999999999995,0.0
G0669,12,4.5903,0.0
G0669,13,4.8471,0.0
G0669,14,4.6652,0.0
G0669,15,4.5368,0.0
G0669,16,3.745,0.0
G0669,17,3.1672,0.0
G0669,18,2.1293,0.0
G0669,19,1.2412,0.0
G0669,20,0.4066,0.0
G0669,21,0.0535,0.0
G0669,22,0.0,0.0
G0669,23,0.0,0.0
G0669,24,0.0,0.0
G0671,1,0.0,0.0
G0671,2,0.0,0.0
G0671,3,0.0,0.0
G0671,4,0.0,0.0
G0671,5,0.0,0.0
G0671,6,0.0,0.0
G0671,7,2.4035,0.0
G0671,8,10.2465,0.0
G0671,9,23.1495,0.0
G0671,10,36.179,0.0
G0671,11,47.058,0.0
G0671,12,54.2685,0.0
G0671,13,57.3045,0.0
G0671,14,55.154,0.0
G0671,15,53.636,0.0
G0671,16,44.275,0.0
G0671,17,37.444,0.0
G0671,18,25.1735,0.0
G0671,19,14.674,0.0
G0671,20,4.807,0.0
G0671,21,0.6325,0.0
G0671,22,0.0,0.0
G0671,23,0.0,0.0
G0671,24,0.0,0.0
G0672,1,0.0,0.0
G0672,2,0.0,0.0
G0672,3,0.0,0.0
G0672,4,0.0,0.0
G0672,5,0.0,0.0
G0672,6,0.0,0.0
G0672,7,1.482,0.0
G0672,8,6.317999999999999,0.0
G0672,9,14.274,0.0
G0672,10,22.308,0.0
G0672,11,29.016,0.0
G0672,12,33.462,0.0
G0672,13,35.334,0.0
G0672,14,34.008,0.0
G0672,15,33.072,0.0
G0672,16,27.300000000000004,0.0
G0672,17,23.087999999999997,0.0
G0672,18,15.522,0.0
G0672,19,9.048,0.0
G0672,20,2.964,0.0
G0672,21,0.39,0.0
G0672,22,0.0,0.0
G0672,23,0.0,0.0
G0672,24,0.0,0.0
G0673,1,0.0,0.0
G0673,2,0.0,0.0
G0673,3,0.0,0.0
G0673,4,0.0,0.0
G0673,5,0.0,0.0
G0673,6,0.0,0.0
G0673,7,3.3307,0.0
G0673,8,14.1993,0.0
G0673,9,32.0799,0.0
G0673,10,50.135799999999996,0.0
G0673,11,65.2116,0.0
G0673,12,75.2037,0.0
G0673,13,79.4109,0.0
G0673,14,76.4308,0.0
G0673,15,74.3272,0.0
G0673,16,61.355,0.0
G0673,17,51.8888,0.0
G0673,18,34.8847,0.0
G0673,19,20.3348,0.0
G0673,20,6.6614,0.0
G0673,21,0.8765,0.0
G0673,22,0.0,0.0
G0673,23,0.0,0.0
G0673,24,0.0,0.0
G0676,1,0.0,0.0
G0676,2,0.0,0.0
G0676,3,0.0,0.0
G0676,4,0.0,0.0
G0676,5,0.0,0.0
G0676,6,0.0,0.0
G0676,7,1.2445,0.0
G0676,8,5.3055,0.0
G0676,9,11.9865,0.0
G0676,10,18.733,0.0
G0676,11,24.366,0.0
G0676,12,28.0995,0.0
G0676,13,29.6715,0.0
G0676,14,28.558,0.0
G0676,15,27.772,0.0
G0676,16,22.925,0.0
G0676,17,19.388,0.0
G0676,18,13.0345,0.0
G0676,19,7.598,0.0
G0676,20,2.489,0.0
G0676,21,0.3275,0.0
G0676,22,0.0,0.0
G0676,23,0.0,0.0
G0676,24,0.0,0.0
G0677,1,0.0,0.0
G0677,2,0.0,0.0
G0677,3,0.0,0.0
G0677,4,0.0,0.0
G0677,5,0.0,0.0
G0677,6,0.0,0.0
G0677,7,0.608,0.0
G0677,8,2.592,0.0
G0677,9,5.856,0.0
G0677,10,9.152,0.0
G0677,11,11.904,0.0
G0677,12,13.728,0.0
G0677,13,14.496,0.0
G0677,14,13.952,0.0
G0677,15,13.568,0.0
G0677,16,11.2,0.0
G0677,17,9.472,0.0
G0677,18,6.368,0.0
G0677,19,3.712,0.0
G0677,20,1.216,0.0
G0677,21,0.16,0.0
G0677,22,0.0,0.0
G0677,23,0.0,0.0
G0677,24,0.0,0.0
G0678,1,0.0,0.0
G0678,2,0.0,0.0
G0678,3,0.0,0.0
G0678,4,0.0,0.0
G0678,5,0.0,0.0
G0678,6,0.0,0.0
G0678,7,0.38,0.0
G0678,8,1.62,0.0
G0678,9,3.66,0.0
G0678,10,5.72,0.0
G0678,11,7.4399999999999995,0.0
G0678,12,8.58,0.0
G0678,13,9.06,0.0
G0678,14,8.72,0.0
G0678,15,8.48,0.0
G0678,16,7.0,0.0
G0678,17,5.92,0.0
G0678,18,3.9800000000000004,0.0
G0678,19,2.32,0.0
G0678,20,0.76,0.0
G0678,21,0.1,0.0
G0678,22,0.0,0.0
G0678,23,0.0,0.0
G0678,24,0.0,0.0
G0680,1,0.0,0.0
G0680,2,0.0,0.0
G0680,3,0.0,0.0
G0680,4,0.0,0.0
G0680,5,0.0,0.0
G0680,6,0.0,0.0
G0680,7,0.4997,0.0
G0680,8,2.1303,0.0
G0680,9,4.8129,0.0
G0680,10,7.5218,0.0
G0680,11,9.7836,0.0
G0680,12,11.2827,0.0
G0680,13,11.9139,0.0
G0680,14,11.4668,0.0
G0680,15,11.1512,0.0
G0680,16,9.205,0.0
G0680,17,7.7848,0.0
G0680,18,5.2337,0.0
G0680,19,3.0508,0.0
G0680,20,0.9994,0.0
G0680,21,0.1315,0.0
G0680,22,0.0,0.0
G0680,23,0.0,0.0
G0680,24,0.0,0.0
G0681,1,0.0,0.0
G0681,2,0.0,0.0
G0681,3,0.0,0.0
G0681,4,0.0,0.0
G0681,5,0.0,0.0
G0681,6,0.0,0.0
G0681,7,0.08550000000000002,0.0
G0681,8,0.3645,0.0
G0681,9,0.8235,0.0
G0681,10,1.287,0.0
G0681,11,1.674,0.0
G0681,12,1.9305000000000003,0.0
G0681,13,2.0385,0.0
G0681,14,1.962,0.0
G0681,15,1.908,0.0
G0681,16,1.575,0.0
G0681,17,1.3320000000000003,0.0
G0681,18,0.8955,0.0
G0681,19,0.522,0.0
G0681,20,0.17100000000000004,0.0
G0681,21,0.0225,0.0
G0681,22,0.0,0.0
G0681,23,0.0,0.0
G0681,24,0.0,0.0
G0683,1,0.0,0.0
G0683,2,0.0,0.0
G0683,3,0.0,0.0
G0683,4,0.0,0.0
G0683,5,0.0,0.0
G0683,6,0.0,0.0
G0683,7,1.2445,0.0
G0683,8,5.3055,0.0
G0683,9,11.9865,0.0
G0683,10,18.733,0.0
G0683,11,24.366,0.0
G0683,12,28.0995,0.0
G0683,13,29.6715,0.0
G0683,14,28.558,0.0
G0683,15,27.772,0.0
G0683,16,22.925,0.0
G0683,17,19.388,0.0
G0683,18,13.0345,0.0
G0683,19,7.598,0.0
G0683,20,2.489,0.0
G0683,21,0.3275,0.0
G0683,22,0.0,0.0
G0683,23,0.0,0.0
G0683,24,0.0,0.0
G0685,1,0.0,0.0
G0685,2,0.0,0.0
G0685,3,0.0,0.0
G0685,4,0.0,0.0
G0685,5,0.0,0.0
G0685,6,0.0,0.0
G0685,7,0.23939999999999997,0.0
G0685,8,1.0206,0.0
G0685,9,2.3058,0.0
G0685,10,3.6036,0.0
G0685,11,4.6872,0.0
G0685,12,5.4054,0.0
G0685,13,5.7078,0.0
G0685,14,5.4936,0.0
G0685,15,5.3424,0.0
G0685,16,4.41,0.0
G0685,17,3.7295999999999996,0.0
G0685,18,2.5074,0.0
G0685,19,1.4616,0.0
G0685,20,0.47879999999999995,0.0
G0685,21,0.063,0.0
G0685,22,0.0,0.0
G0685,23,0.0,0.0
G0685,24,0.0,0.0
G0688,1,0.0,0.0
G0688,2,0.0,0.0
G0688,3,0.0,0.0
G0688,4,0.0,0.0
G0688,5,0.0,0.0
G0688,6,0.0,0.0
G0688,7,3.1141,0.0
G0688,8,13.2759,0.0
G0688,9,29.9937,0.0
G0688,10,46.8754,0.0
G0688,11,60.97079999999999,0.0
G0688,12,70.3131,0.0
G0688,13,74.2467,0.0
G0688,14,71.4604,0.0
G0688,15,69.4936,0.0
G0688,16,57.364999999999995,0.0
G0688,17,48.5144,0.0
G0688,18,32.6161,0.0
G0688,19,19.0124,0.0
G0688,20,6.2282,0.0
G0688,21,0.8195,0.0
G0688,22,0.0,0.0
G0688,23,0.0,0.0
G0688,24,0.0,0.0
G0689,1,0.0,0.0
G0689,2,0.0,0.0
G0689,3,0.0,0.0
G0689,4,0.0,0.0
G0689,5,0.0,0.0
G0689,6,0.0,0.0
G0689,7,1.7765,0.0
G0689,8,7.5735,0.0
G0689,9,17.1105,0.0
G0689,10,26.740999999999996,0.0
G0689,11,34.782,0.0
G0689,12,40.1115,0.0
G0689,13,42.3555,0.0
G0689,14,40.766,0.0
G0689,15,39.644,0.0
G0689,16,32.725,0.0
G0689,17,27.676,0.0
G0689,18,18.6065,0.0
G0689,19,10.846,0.0
G0689,20,3.553,0.0
G0689,21,0.4675,0.0
G0689,22,0.0,0.0
G0689,23,0.0,0.0
G0689,24,0.0,0.0
G0692,1,0.0,0.0
G0692,2,0.0,0.0
G0692,3,0.0,0.0
G0692,4,0.0,0.0
G0692,5,0.0,0.0
G0692,6,0.0,0.0
G0692,7,0.19380000000000003,0.0
G0692,8,0.8262000000000002,0.0
G0692,9,1.8666,0.0
G0692,10,2.9171999999999993,0.0
G0692,11,3.7944000000000004,0.0
G0692,12,4.3758,0.0
G0692,13,4.6206,0.0
G0692,14,4.4472,0.0
G0692,15,4.3248,0.0
G0692,16,3.5700000000000003,0.0
G0692,17,3.0192,0.0
G0692,18,2.0298,0.0
G0692,19,1.1832,0.0
G0692,20,0.38760000000000006,0.0
G0692,21,0.051,0.0
G0692,22,0.0,0.0
G0692,23,0.0,0.0
G0692,24,0.0,0.0
G0693,1,0.0,0.0
G0693,2,0.0,0.0
G0693,3,0.0,0.0
G0693,4,0.0,0.0
G0693,5,0.0,0.0
G0693,6,0.0,0.0
G0693,7,0.494,0.0
G0693,8,2.106,0.0
G0693,9,4.758,0.0
G0693,10,7.435999999999999,0.0
G0693,11,9.672,0.0
G0693,12,11.154,0.0
G0693,13,11.778,0.0
G0693,14,11.336,0.0
G0693,15,11.024,0.0
G0693,16,9.1,0.0
G0693,17,7.696,0.0
G0693,18,5.174,0.0
G0693,19,3.016,0.0
G0693,20,0.988,0.0
G0693,21,0.13,0.0
G0693,22,0.0,0.0
G0693,23,0.0,0.0
G0693,24,0.0,0.0
G0694,1,0.0,0.0
G0694,2,0.0,0.0
G0694,3,0.0,0.0
G0694,4,0.0,0.0
G0694,5,0.0,0.0
G0694,6,0.0,0.0
G0694,7,0.0247,0.0
G0694,8,0.1053,0.0
G0694,9,0.2379,0.0
G0694,10,0.3718000000000001,0.0
G0694,11,0.4835999999999999,0.0
G0694,12,0.5577,0.0
G0694,13,0.5889,0.0
G0694,14,0.5668,0.0
G0694,15,0.5512,0.0
G0694,16,0.45499999999999996,0.0
G0694,17,0.3848,0.0
G0694,18,0.2587,0.0
G0694,19,0.1508,0.0
G0694,20,0.0494,0.0
G0694,21,0.006499999999999999,0.0
G0694,22,0.0,0.0
G0694,23,0.0,0.0
G0694,24,0.0,0.0
G0696,1,0.0,0.0
G0696,2,0.0,0.0
G0696,3,0.0,0.0
G0696,4,0.0,0.0
G0696,5,0.0,0.0
G0696,6,0.0,0.0
G0696,7,0.028499999999999998,0.0
G0696,8,0.1215,0.0
G0696,9,0.2745,0.0
G0696,10,0.42899999999999994,0.0
G0696,11,0.558,0.0
G0696,12,0.6435,0.0
G0696,13,0.6795,0.0
G0696,14,0.654,0.0
G0696,15,0.636,0.0
G0696,16,0.525,0.0
G0696,17,0.44399999999999995,0.0
G0696,18,0.2985,0.0
G0696,19,0.174,0.0
G0696,20,0.056999999999999995,0.0
G0696,21,0.0075,0.0
G0696,22,0.0,0.0
G0696,23,0.0,0.0
G0696,24,0.0,0.0
G0698,1,0.0,0.0
G0698,2,0.0,0.0
G0698,3,0.0,0.0
G0698,4,0.0,0.0
G0698,5,0.0,0.0
G0698,6,0.0,0.0
G0698,7,0.0209,0.0
G0698,8,0.0891,0.0
G0698,9,0.2013,0.0
G0698,10,0.3146,0.0
G0698,11,0.4092,0.0
G0698,12,0.4719,0.0
G0698,13,0.4983,0.0
G0698,14,0.4796,0.0
G0698,15,0.4664,0.0
G0698,16,0.385,0.0
G0698,17,0.3256,0.0
G0698,18,0.2189,0.0
G0698,19,0.1276,0.0
G0698,20,0.0418,0.0
G0698,21,0.0055,0.0
G0698,22,0.0,0.0
G0698,23,0.0,0.0
G0698,24,0.0,0.0
G0699,1,0.0,0.0
G0699,2,0.0,0.0
G0699,3,0.0,0.0
G0699,4,0.0,0.0
G0699,5,0.0,0.0
G0699,6,0.0,0.0
G0699,7,0.3097,0.0
G0699,8,1.3203,0.0
G0699,9,2.9829,0.0
G0699,10,4.6618,0.0
G0699,11,6.0636,0.0
G0699,12,6.9927,0.0
G0699,13,7.3839,0.0
G0699,14,7.1068,0.0
G0699,15,6.9112,0.0
G0699,16,5.705,0.0
G0699,17,4.8248,0.0
G0699,18,3.2437,0.0
G0699,19,1.8908,0.0
G0699,20,0.6194,0.0
G0699,21,0.0815,0.0
G0699,22,0.0,0.0
G0699,23,0.0,0.0
G0699,24,0.0,0.0
G0701,1,0.0,0.0
G0701,2,0.0,0.0
G0701,3,0.0,0.0
G0701,4,0.0,0.0
G0701,5,0.0,0.0
G0701,6,0.0,0.0
G0701,7,0.3382,0.0
G0701,8,1.4418,0.0
G0701,9,3.2574,0.0
G0701,10,5.0908,0.0
G0701,11,6.6216,0.0
G0701,12,7.6362,0.0
G0701,13,8.0634,0.0
G0701,14,7.7608,0.0
G0701,15,7.5472,0.0
G0701,16,6.23,0.0
G0701,17,5.2688,0.0
G0701,18,3.5422,0.0
G0701,19,2.0648,0.0
G0701,20,0.6764,0.0
G0701,21,0.08900000000000001,0.0
G0701,22,0.0,0.0
G0701,23,0.0,0.0
G0701,24,0.0,0.0
G0702,1,0.0,0.0
G0702,2,0.0,0.0
G0702,3,0.0,0.0
G0702,4,0.0,0.0
G0702,5,0.0,0.0
G0702,6,0.0,0.0
G0702,7,0.95,0.0
G0702,8,4.05,0.0
G0702,9,9.15,0.0
G0702,10,14.3,0.0
G0702,11,18.6,0.0
G0702,12,21.45,0.0
G0702,13,22.65,0.0
G0702,14,21.8,0.0
G0702,15,21.2,0.0
G0702,16,17.5,0.0
G0702,17,14.800000000000002,0.0
G0702,18,9.95,0.0
G0702,19,5.8,0.0
G0702,20,1.9,0.0
G0702,21,0.25,0.0
G0702,22,0.0,0.0
G0702,23,0.0,0.0
G0702,24,0.0,0.0
G0707,1,0.0,0.0
G0707,2,0.0,0.0
G0707,3,0.0,0.0
G0707,4,0.0,0.0
G0707,5,0.0,0.0
G0707,6,0.0,0.0
G0707,7,0.5282,0.0
G0707,8,2.2518,0.0
G0707,9,5.0874,0.0
G0707,10,7.950799999999999,0.0
G0707,11,10.3416,0.0
G0707,12,11.9262,0.0
G0707,13,12.5934,0.0
G0707,14,12.1208,0.0
G0707,15,11.7872,0.0
G0707,16,9.73,0.0
G0707,17,8.2288,0.0
G0707,18,5.5322,0.0
G0707,19,3.2248,0.0
G0707,20,1.0564,0.0
G0707,21,0.139,0.0
G0707,22,0.0,0.0
G0707,23,0.0,0.0
G0707,24,0.0,0.0
G0712,1,0.0,0.0
G0712,2,0.0,0.0
G0712,3,0.0,0.0
G0712,4,0.0,0.0
G0712,5,0.0,0.0
G0712,6,0.0,0.0
G0712,7,0.3211,0.0
G0712,8,1.3689,0.0
G0712,9,3.0927,0.0
G0712,10,4.8334,0.0
G0712,11,6.2868,0.0
G0712,12,7.2501,0.0
G0712,13,7.6557,0.0
G0712,14,7.3684,0.0
G0712,15,7.1656,0.0
G0712,16,5.915,0.0
G0712,17,5.0024,0.0
G0712,18,3.3631,0.0
G0712,19,1.9604,0.0
G0712,20,0.6422,0.0
G0712,21,0.0845,0.0
G0712,22,0.0,0.0
G0712,23,0.0,0.0
G0712,24,0.0,0.0
G0714,1,0.0,0.0
G0714,2,0.0,0.0
G0714,3,0.0,0.0
G0714,4,0.0,0.0
G0714,5,0.0,0.0
G0714,6,0.0,0.0
G0714,7,0.2831,0.0
G0714,8,1.2069,0.0
G0714,9,2.7267,0.0
G0714,10,4.2614,0.0
G0714,11,5.5428,0.0
G0714,12,6.3921,0.0
G0714,13,6.7497,0.0
G0714,14,6.4964,0.0
G0714,15,6.3176,0.0
G0714,16,5.215,0.0
G0714,17,4.4104,0.0
G0714,18,2.9651,0.0
G0714,19,1.7284,0.0
G0714,20,0.5662,0.0
G0714,21,0.0745,0.0
G0714,22,0.0,0.0
G0714,23,0.0,0.0
G0714,24,0.0,0.0
G0716,1,0.0,0.0
G0716,2,0.0,0.0
G0716,3,0.0,0.0
G0716,4,0.0,0.0
G0716,5,0.0,0.0
G0716,6,0.0,0.0
G0716,7,0.2603,0.0
G0716,8,1.1097,0.0
G0716,9,2.5071,0.0
G0716,10,3.9182,0.0
G0716,11,5.0964,0.0
G0716,12,5.8773,0.0
G0716,13,6.2061,0.0
G0716,14,5.9732,0.0
G0716,15,5.8088,0.0
G0716,16,4.795,0.0
G0716,17,4.0552,0.0
G0716,18,2.7263,0.0
G0716,19,1.5892,0.0
G0716,20,0.5206,0.0
G0716,21,0.0685,0.0
G0716,22,0.0,0.0
G0716,23,0.0,0.0
G0716,24,0.0,0.0
G0719,1,0.0,0.0
G0719,2,0.0,0.0
G0719,3,0.0,0.0
G0719,4,0.0,0.0
G0719,5,0.0,0.0
G0719,6,0.0,0.0
G0719,7,0.11969999999999999,0.0
G0719,8,0.5103,0.0
G0719,9,1.1529,0.0
G0719,10,1.8018,0.0
G0719,11,2.3436,0.0
G0719,12,2.7027,0.0
G0719,13,2.8539,0.0
G0719,14,2.7468,0.0
G0719,15,2.6712,0.0
G0719,16,2.205,0.0
G0719,17,1.8647999999999998,0.0
G0719,18,1.2537,0.0
G0719,19,0.7308,0.0
G0719,20,0.23939999999999997,0.0
G0719,21,0.0315,0.0
G0719,22,0.0,0.0
G0719,23,0.0,0.0
G0719,24,0.0,0.0
G0721,1,0.0,0.0
G0721,2,0.0,0.0
G0721,3,0.0,0.0
G0721,4,0.0,0.0
G0721,5,0.0,0.0
G0721,6,0.0,0.0
G0721,7,0.09120000000000002,0.0
G0721,8,0.3888,0.0
G0721,9,0.8784,0.0
G0721,10,1.3728,0.0
G0721,11,1.7856000000000003,0.0
G0721,12,2.0592,0.0
G0721,13,2.1744,0.0
G0721,14,2.0928,0.0
G0721,15,2.0352,0.0
G0721,16,1.68,0.0
G0721,17,1.4208,0.0
G0721,18,0.9552,0.0
G0721,19,0.5568,0.0
G0721,20,0.18240000000000003,0.0
G0721,21,0.024,0.0
G0721,22,0.0,0.0
G0721,23,0.0,0.0
G0721,24,0.0,0.0
G0723,1,0.0,0.0
G0723,2,0.0,0.0
G0723,3,0.0,0.0
G0723,4,0.0,0.0
G0723,5,0.0,0.0
G0723,6,0.0,0.0
G0723,7,4.1325,0.0
G0723,8,17.6175,0.0
G0723,9,39.8025,0.0
G0723,10,62.205,0.0
G0723,11,80.91,0.0
G0723,12,93.3075,0.0
G0723,13,98.5275,0.0
G0723,14,94.83,0.0
G0723,15,92.22,0.0
G0723,16,76.125,0.0
G0723,17,64.38,0.0
G0723,18,43.2825,0.0
G0723,19,25.23,0.0
G0723,20,8.265,0.0
G0723,21,1.0875,0.0
G0723,22,0.0,0.0
G0723,23,0.0,0.0
G0723,24,0.0,0.0
G0729,1,0.0,0.0
G0729,2,0.0,0.0
G0729,3,0.0,0.0
G0729,4,0.0,0.0
G0729,5,0.0,0.0
G0729,6,0.0,0.0
G0729,7,1.1115,0.0
G0729,8,4.7385,0.0
G0729,9,10.7055,0.0
G0729,10,16.731,0.0
G0729,11,21.762,0.0
G0729,12,25.0965,0.0
G0729,13,26.5005,0.0
G0729,14,25.506,0.0
G0729,15,24.804,0.0
G0729,16,20.475,0.0
G0729,17,17.316,0.0
G0729,18,11.6415,0.0
G0729,19,6.786,0.0
G0729,20,2.223,0.0
G0729,21,0.2925,0.0
G0729,22,0.0,0.0
G0729,23,0.0,0.0
G0729,24,0.0,0.0
G0730,1,0.0,0.0
G0730,2,0.0,0.0
G0730,3,0.0,0.0
G0730,4,0.0,0.0
G0730,5,0.0,0.0
G0730,6,0.0,0.0
G0730,7,0.3743,0.0
G0730,8,1.5957,0.0
G0730,9,3.6051,0.0
G0730,10,5.634199999999999,0.0
G0730,11,7.328400000000001,0.0
G0730,12,8.4513,0.0
G0730,13,8.9241,0.0
G0730,14,8.5892,0.0
G0730,15,8.3528,0.0
G0730,16,6.895,0.0
G0730,17,5.8312,0.0
G0730,18,3.9203,0.0
G0730,19,2.2852,0.0
G0730,20,0.7486,0.0
G0730,21,0.0985,0.0
G0730,22,0.0,0.0
G0730,23,0.0,0.0
G0730,24,0.0,0.0
G0734,1,0.0,0.0
G0734,2,0.0,0.0
G0734,3,0.0,0.0
G0734,4,0.0,0.0
G0734,5,0.0,0.0
G0734,6,0.0,0.0
G0734,7,1.767,0.0
G0734,8,7.533,0.0
G0734,9,17.019,0.0
G0734,10,26.598,0.0
G0734,11,34.596,0.0
G0734,12,39.897,0.0
G0734,13,42.129,0.0
G0734,14,40.548,0.0
G0734,15,39.432,0.0
G0734,16,32.55,0.0
G0734,17,27.528,0.0
G0734,18,18.507,0.0
G0734,19,10.788,0.0
G0734,20,3.534,0.0
G0734,21,0.465,0.0
G0734,22,0.0,0.0
G0734,23,0.0,0.0
G0734,24,0.0,0.0
G0738,1,0.0,0.0
G0738,2,0.0,0.0
G0738,3,0.0,0.0
G0738,4,0.0,0.0
G0738,5,0.0,0.0
G0738,6,0.0,0.0
G0738,7,0.1368,0.0
G0738,8,0.5832,0.0
G0738,9,1.3176,0.0
G0738,10,2.0592,0.0
G0738,11,2.6784,0.0
G0738,12,3.0888,0.0
G0738,13,3.2616,0.0
G0738,14,3.1392,0.0
G0738,15,3.0528,0.0
G0738,16,2.52,0.0
G0738,17,2.1312,0.0
G0738,18,1.4328,0.0
G0738,19,0.8352,0.0
G0738,20,0.2736,0.0
G0738,21,0.036,0.0
G0738,22,0.0,0.0
G0738,23,0.0,0.0
G0738,24,0.0,0.0
G0750,1,0.0,0.0
G0750,2,0.0,0.0
G0750,3,0.0,0.0
G0750,4,0.0,0.0
G0750,5,0.0,0.0
G0750,6,0.0,0.0
G0750,7,0.0627,0.0
G0750,8,0.2673,0.0
G0750,9,0.6039,0.0
G0750,10,0.9438000000000001,0.0
G0750,11,1.2276,0.0
G0750,12,1.4157,0.0
G0750,13,1.4949,0.0
G0750,14,1.4388,0.0
G0750,15,1.3992,0.0
G0750,16,1.155,0.0
G0750,17,0.9768000000000001,0.0
G0750,18,0.6567,0.0
G0750,19,0.3828,0.0
G0750,20,0.1254,0.0
G0750,21,0.0165,0.0
G0750,22,0.0,0.0
G0750,23,0.0,0.0
G0750,24,0.0,0.0
G0752,1,0.0,0.0
G0752,2,0.0,0.0
G0752,3,0.0,0.0
G0752,4,0.0,0.0
G0752,5,0.0,0.0
G0752,6,0.0,0.0
G0752,7,0.0266,0.0
G0752,8,0.1134,0.0
G0752,9,0.2562,0.0
G0752,10,0.4003999999999999,0.0
G0752,11,0.5208,0.0
G0752,12,0.6006,0.0
G0752,13,0.6342,0.0
G0752,14,0.6104,0.0
G0752,15,0.5936,0.0
G0752,16,0.49,0.0
G0752,17,0.41439999999999994,0.0
G0752,18,0.2786,0.0
G0752,19,0.1624,0.0
G0752,20,0.0532,0.0
G0752,21,0.006999999999999999,0.0
G0752,22,0.0,0.0
G0752,23,0.0,0.0
G0752,24,0.0,0.0
G0757,1,0.0,0.0
G0757,2,0.0,0.0
G0757,3,0.0,0.0
G0757,4,0.0,0.0
G0757,5,0.0,0.0
G0757,6,0.0,0.0
G0757,7,0.0209,0.0
G0757,8,0.0891,0.0
G0757,9,0.2013,0.0
G0757,10,0.3146,0.0
G0757,11,0.4092,0.0
G0757,12,0.4719,0.0
G0757,13,0.4983,0.0
G0757,14,0.4796,0.0
G0757,15,0.4664,0.0
G0757,16,0.385,0.0
G0757,17,0.3256,0.0
G0757,18,0.2189,0.0
G0757,19,0.1276,0.0
G0757,20,0.0418,0.0
G0757,21,0.0055,0.0
G0757,22,0.0,0.0
G0757,23,0.0,0.0
G0757,24,0.0,0.0
G0759,1,0.0,0.0
G0759,2,0.0,0.0
G0759,3,0.0,0.0
G0759,4,0.0,0.0
G0759,5,0.0,0.0
G0759,6,0.0,0.0
G0759,7,0.1729,0.0
G0759,8,0.7371,0.0
G0759,9,1.6653,0.0
G0759,10,2.6026,0.0
G0759,11,3.3852,0.0
G0759,12,3.9039,0.0
G0759,13,4.1223,0.0
G0759,14,3.9676,0.0
G0759,15,3.8584,0.0
G0759,16,3.185,0.0
G0759,17,2.6935999999999996,0.0
G0759,18,1.8109,0.0
G0759,19,1.0556,0.0
G0759,20,0.3458,0.0
G0759,21,0.0455,0.0
G0759,22,0.0,0.0
G0759,23,0.0,0.0
G0759,24,0.0,0.0
G0760,1,0.0,0.0
G0760,2,0.0,0.0
G0760,3,0.0,0.0
G0760,4,0.0,0.0
G0760,5,0.0,0.0
G0760,6,0.0,0.0
G0760,7,0.3914,0.0
G0760,8,1.6686,0.0
G0760,9,3.7698,0.0
G0760,10,5.8915999999999995,0.0
G0760,11,7.663199999999999,0.0
G0760,12,8.8374,0.0
G0760,13,9.3318,0.0
G0760,14,8.9816,0.0
G0760,15,8.7344,0.0
G0760,16,7.21,0.0
G0760,17,6.0976,0.0
G0760,18,4.0994,0.0
G0760,19,2.3896,0.0
G0760,20,0.7828,0.0
G0760,21,0.103,0.0
G0760,22,0.0,0.0
G0760,23,0.0,0.0
G0760,24,0.0,0.0
G0763,1,0.0,0.0
G0763,2,0.0,0.0
G0763,3,0.0,0.0
G0763,4,0.0,0.0
G0763,5,0.0,0.0
G0763,6,0.0,0.0
G0763,7,1.3642,0.0
G0763,8,5.8158,0.0
G0763,9,13.139400000000002,0.0
G0763,10,20.5348,0.0
G0763,11,26.7096,0.0
G0763,12,30.8022,0.0
G0763,13,32.5254,0.0
G0763,14,31.3048,0.0
G0763,15,30.4432,0.0
G0763,16,25.13,0.0
G0763,17,21.2528,0.0
G0763,18,14.2882,0.0
G0763,19,8.3288,0.0
G0763,20,2.7284,0.0
G0763,21,0.359,0.0
G0763,22,0.0,0.0
G0763,23,0.0,0.0
G0763,24,0.0,0.0
G0768,1,0.0,0.0
G0768,2,0.0,0.0
G0768,3,0.0,0.0
G0768,4,0.0,0.0
G0768,5,0.0,0.0
G0768,6,0.0,0.0
G0768,7,0.0342,0.0
G0768,8,0.1458,0.0
G0768,9,0.3294,0.0
G0768,10,0.5148,0.0
G0768,11,0.6696,0.0
G0768,12,0.7722,0.0
G0768,13,0.8154,0.0
G0768,14,0.7848,0.0
G0768,15,0.7632,0.0
G0768,16,0.63,0.0
G0768,17,0.5328,0.0
G0768,18,0.3582,0.0
G0768,19,0.2088,0.0
G0768,20,0.0684,0.0
G0768,21,0.009,0.0
G0768,22,0.0,0.0
G0768,23,0.0,0.0
G0768,24,0.0,0.0
G0770,1,0.0,0.0
G0770,2,0.0,0.0
G0770,3,0.0,0.0
G0770,4,0.0,0.0
G0770,5,0.0,0.0
G0770,6,0.0,0.0
G0770,7,0.1254,0.0
G0770,8,0.5346,0.0
G0770,9,1.2078,0.0
G0770,10,1.8876000000000002,0.0
G0770,11,2.4552,0.0
G0770,12,2.8314,0.0
G0770,13,2.9898,0.0
G0770,14,2.8776,0.0
G0770,15,2.7984,0.0
G0770,16,2.31,0.0
G0770,17,1.9536000000000002,0.0
G0770,18,1.3134,0.0
G0770,19,0.7656,0.0
G0770,20,0.2508,0.0
G0770,21,0.033,0.0
G0770,22,0.0,0.0
G0770,23,0.0,0.0
G0770,24,0.0,0.0
G0774,1,0.0,0.0
G0774,2,0.0,0.0
G0774,3,0.0,0.0
G0774,4,0.0,0.0
G0774,5,0.0,0.0
G0774,6,0.0,0.0
G0774,7,0.874,0.0
G0774,8,3.726,0.0
G0774,9,8.418,0.0
G0774,10,13.156000000000002,0.0
G0774,11,17.112,0.0
G0774,12,19.734,0.0
G0774,13,20.838,0.0
G0774,14,20.056,0.0
G0774,15,19.504,0.0
G0774,16,16.1,0.0
G0774,17,13.616,0.0
G0774,18,9.154,0.0
G0774,19,5.336,0.0
G0774,20,1.748,0.0
G0774,21,0.23,0.0
G0774,22,0.0,0.0
G0774,23,0.0,0.0
G0774,24,0.0,0.0
G0775,1,0.0,0.0
G0775,2,0.0,0.0
G0775,3,0.0,0.0
G0775,4,0.0,0.0
G0775,5,0.0,0.0
G0775,6,0.0,0.0
G0775,7,0.4712,0.0
G0775,8,2.0088,0.0
G0775,9,4.5384,0.0
G0775,10,7.092800000000001,0.0
G0775,11,9.2256,0.0
G0775,12,10.6392,0.0
G0775,13,11.2344,0.0
G0775,14,10.8128,0.0
G0775,15,10.5152,0.0
G0775,16,8.68,0.0
G0775,17,7.3408,0.0
G0775,18,4.9352,0.0
G0775,19,2.8768,0.0
G0775,20,0.9424,0.0
G0775,21,0.12400000000000001,0.0
G0775,22,0.0,0.0
G0775,23,0.0,0.0
G0775,24,0.0,0.0
G0776,1,0.0,0.0
G0776,2,0.0,0.0
G0776,3,0.0,0.0
G0776,4,0.0,0.0
G0776,5,0.0,0.0
G0776,6,0.0,0.0
G0776,7,0.2603,0.0
G0776,8,1.1097,0.0
G0776,9,2.5071,0.0
G0776,10,3.9182,0.0
G0776,11,5.0964,0.0
G0776,12,5.8773,0.0
G0776,13,6.2061,0.0
G0776,14,5.9732,0.0
G0776,15,5.8088,0.0
G0776,16,4.795,0.0
G0776,17,4.0552,0.0
G0776,18,2.7263,0.0
G0776,19,1.5892,0.0
G0776,20,0.5206,0.0
G0776,21,0.0685,0.0
G0776,22,0.0,0.0
G0776,23,0.0,0.0
G0776,24,0.0,0.0
G0779,1,0.0,0.0
G0779,2,0.0,0.0
G0779,3,0.0,0.0
G0779,4,0.0,0.0
G0779,5,0.0,0.0
G0779,6,0.0,0.0
G0779,7,3.3269000000000006,0.0
G0779,8,14.1831,0.0
G0779,9,32.0433,0.0
G0779,10,50.0786,0.0
G0779,11,65.1372,0.0
G0779,12,75.1179,0.0
G0779,13,79.3203,0.0
G0779,14,76.3436,0.0
G0779,15,74.2424,0.0
G0779,16,61.285,0.0
G0779,17,51.8296,0.0
G0779,18,34.8449,0.0
G0779,19,20.3116,0.0
G0779,20,6.653800000000001,0.0
G0779,21,0.8755,0.0
G0779,22,0.0,0.0
G0779,23,0.0,0.0
G0779,24,0.0,0.0
G0782,1,0.0,0.0
G0782,2,0.0,0.0
G0782,3,0.0,0.0
G0782,4,0.0,0.0
G0782,5,0.0,0.0
G0782,6,0.0,0.0
G0782,7,0.0627,0.0
G0782,8,0.2673,0.0
G0782,9,0.6039,0.0
G0782,10,0.9438000000000001,0.0
G0782,11,1.2276,0.0
G0782,12,1.4157,0.0
G0782,13,1.4949,0.0
G0782,14,1.4388,0.0
G0782,15,1.3992,0.0
G0782,16,1.155,0.0
G0782,17,0.9768000000000001,0.0
G0782,18,0.6567,0.0
G0782,19,0.3828,0.0
G0782,20,0.1254,0.0
G0782,21,0.0165,0.0
G0782,22,0.0,0.0
G0782,23,0.0,0.0
G0782,24,0.0,0.0
G0785,1,0.0,0.0
G0785,2,0.0,0.0
G0785,3,0.0,0.0
G0785,4,0.0,0.0
G0785,5,0.0,0.0
G0785,6,0.0,0.0
G0785,7,0.2964,0.0
G0785,8,1.2636,0.0
G0785,9,2.8548,0.0
G0785,10,4.4616,0.0
G0785,11,5.8032,0.0
G0785,12,6.6924,0.0
G0785,13,7.0668,0.0
G0785,14,6.8016,0.0
G0785,15,6.6144,0.0
G0785,16,5.46,0.0
G0785,17,4.6176,0.0
G0785,18,3.1044,0.0
G0785,19,1.8096,0.0
G0785,20,0.5928,0.0
G0785,21,0.078,0.0
G0785,22,0.0,0.0
G0785,23,0.0,0.0
G0785,24,0.0,0.0
G0787,1,0.0,0.0
G0787,2,0.0,0.0
G0787,3,0.0,0.0
G0787,4,0.0,0.0
G0787,5,0.0,0.0
G0787,6,0.0,0.0
G0787,7,0.0836,0.0
G0787,8,0.3564,0.0
G0787,9,0.8052,0.0
G0787,10,1.2584,0.0
G0787,11,1.6368,0.0
G0787,12,1.8876,0.0
G0787,13,1.9932,0.0
G0787,14,1.9184,0.0
G0787,15,1.8656,0.0
G0787,16,1.54,0.0
G0787,17,1.3024,0.0
G0787,18,0.8756,0.0
G0787,19,0.5104,0.0
G0787,20,0.1672,0.0
G0787,21,0.022,0.0
G0787,22,0.0,0.0
G0787,23,0.0,0.0
G0787,24,0.0,0.0
G0791,1,0.0,0.0
G0791,2,0.0,0.0
G0791,3,0.0,0.0
G0791,4,0.0,0.0
G0791,5,0.0,0.0
G0791,6,0.0,0.0
G0791,7,0.3667,0.0
G0791,8,1.5633,0.0
G0791,9,3.5319000000000003,0.0
G0791,10,5.5198,0.0
G0791,11,7.179600000000001,0.0
G0791,12,8.2797,0.0
G0791,13,8.7429,0.0
G0791,14,8.4148,0.0
G0791,15,8.1832,0.0
G0791,16,6.755,0.0
G0791,17,5.7128,0.0
G0791,18,3.8407,0.0
G0791,19,2.2388,0.0
G0791,20,0.7334,0.0
G0791,21,0.0965,0.0
G0791,22,0.0,0.0
G0791,23,0.0,0.0
G0791,24,0.0,0.0
G0793,1,0.0,0.0
G0793,2,0.0,0.0
G0793,3,0.0,0.0
G0793,4,0.0,0.0
G0793,5,0.0,0.0
G0793,6,0.0,0.0
G0793,7,1.0925,0.0
G0793,8,4.6575,0.0
G0793,9,10.5225,0.0
G0793,10,16.445,0.0
G0793,11,21.39,0.0
G0793,12,24.6675,0.0
G0793,13,26.0475,0.0
G0793,14,25.07,0.0
G0793,15,24.38,0.0
G0793,16,20.125,0.0
G0793,17,17.02,0.0
G0793,18,11.4425,0.0
G0793,19,6.67,0.0
G0793,20,2.185,0.0
G0793,21,0.2875,0.0
G0793,22,0.0,0.0
G0793,23,0.0,0.0
G0793,24,0.0,0.0
G0795,1,0.0,0.0
G0795,2,0.0,0.0
G0795,3,0.0,0.0
G0795,4,0.0,0.0
G0795,5,0.0,0.0
G0795,6,0.0,0.0
G0795,7,0.0342,0.0
G0795,8,0.1458,0.0
G0795,9,0.3294,0.0
G0795,10,0.5148,0.0
G0795,11,0.6696,0.0
G0795,12,0.7722,0.0
G0795,13,0.8154,0.0
G0795,14,0.7848,0.0
G0795,15,0.7632,0.0
G0795,16,0.63,0.0
G0795,17,0.5328,0.0
G0795,18,0.3582,0.0
G0795,19,0.2088,0.0
G0795,20,0.0684,0.0
G0795,21,0.009,0.0
G0795,22,0.0,0.0
G0795,23,0.0,0.0
G0795,24,0.0,0.0
G0796,1,0.0,0.0
G0796,2,0.0,0.0
G0796,3,0.0,0.0
G0796,4,0.0,0.0
G0796,5,0.0,0.0
G0796,6,0.0,0.0
G0796,7,0.9994,0.0
G0796,8,4.2606,0.0
G0796,9,9.6258,0.0
G0796,10,15.0436,0.0
G0796,11,19.5672,0.0
G0796,12,22.5654,0.0
G0796,13,23.8278,0.0
G0796,14,22.9336,0.0
G0796,15,22.3024,0.0
G0796,16,18.41,0.0
G0796,17,15.5696,0.0
G0796,18,10.4674,0.0
G0796,19,6.1016,0.0
G0796,20,1.9988,0.0
G0796,21,0.263,0.0
G0796,22,0.0,0.0
G0796,23,0.0,0.0
G0796,24,0.0,0.0
G0797,1,0.0,0.0
G0797,2,0.0,0.0
G0797,3,0.0,0.0
G0797,4,0.0,0.0
G0797,5,0.0,0.0
G0797,6,0.0,0.0
G0797,7,1.634,0.0
G0797,8,6.966,0.0
G0797,9,15.738,0.0
G0797,10,24.595999999999997,0.0
G0797,11,31.992,0.0
G0797,12,36.894,0.0
G0797,13,38.958,0.0
G0797,14,37.496,0.0
G0797,15,36.464,0.0
G0797,16,30.1,0.0
G0797,17,25.456,0.0
G0797,18,17.114,0.0
G0797,19,9.976,0.0
G0797,20,3.268,0.0
G0797,21,0.43,0.0
G0797,22,0.0,0.0
G0797,23,0.0,0.0
G0797,24,0.0,0.0
G0799,1,0.0,0.0
G0799,2,0.0,0.0
G0799,3,0.0,0.0
G0799,4,0.0,0.0
G0799,5,0.0,0.0
G0799,6,0.0,0.0
G0799,7,0.6156,0.0
G0799,8,2.6244,0.0
G0799,9,5.9292,0.0
G0799,10,9.2664,0.0
G0799,11,12.0528,0.0
G0799,12,13.8996,0.0
G0799,13,14.6772,0.0
G0799,14,14.1264,0.0
G0799,15,13.7376,0.0
G0799,16,11.34,0.0
G0799,17,9.5904,0.0
G0799,18,6.4476,0.0
G0799,19,3.7584,0.0
G0799,20,1.2312,0.0
G0799,21,0.162,0.0
G0799,22,0.0,0.0
G0799,23,0.0,0.0
G0799,24,0.0,0.0
G0803,1,0.0,0.0
G0803,2,0.0,0.0
G0803,3,0.0,0.0
G0803,4,0.0,0.0
G0803,5,0.0,0.0
G0803,6,0.0,0.0
G0803,7,0.0893,0.0
G0803,8,0.3807,0.0
G0803,9,0.8601,0.0
G0803,10,1.3441999999999998,0.0
G0803,11,1.7484,0.0
G0803,12,2.0163,0.0
G0803,13,2.1291,0.0
G0803,14,2.0492,0.0
G0803,15,1.9928000000000001,0.0
G0803,16,1.645,0.0
G0803,17,1.3912,0.0
G0803,18,0.9353000000000001,0.0
G0803,19,0.5452,0.0
G0803,20,0.1786,0.0
G0803,21,0.0235,0.0
G0803,22,0.0,0.0
G0803,23,0.0,0.0
G0803,24,0.0,0.0
G0806,1,0.0,0.0
G0806,2,0.0,0.0
G0806,3,0.0,0.0
G0806,4,0.0,0.0
G0806,5,0.0,0.0
G0806,6,0.0,0.0
G0806,7,0.0608,0.0
G0806,8,0.2592,0.0
G0806,9,0.5856,0.0
G0806,10,0.9152,0.0
G0806,11,1.1904,0.0
G0806,12,1.3728,0.0
G0806,13,1.4496,0.0
G0806,14,1.3952,0.0
G0806,15,1.3568,0.0
G0806,16,1.12,0.0
G0806,17,0.9472,0.0
G0806,18,0.6368,0.0
G0806,19,0.3712,0.0
G0806,20,0.1216,0.0
G0806,21,0.016,0.0
G0806,22,0.0,0.0
G0806,23,0.0,0.0
G0806,24,0.0,0.0
G0808,1,0.0,0.0
G0808,2,0.0,0.0
G0808,3,0.0,0.0
G0808,4,0.0,0.0
G0808,5,0.0,0.0
G0808,6,0.0,0.0
G0808,7,0.0798,0.0
G0808,8,0.3402,0.0
G0808,9,0.7686,0.0
G0808,10,1.2012,0.0
G0808,11,1.5624,0.0
G0808,12,1.8018,0.0
G0808,13,1.9026,0.0
G0808,14,1.8312,0.0
G0808,15,1.7808,0.0
G0808,16,1.47,0.0
G0808,17,1.2432,0.0
G0808,18,0.8358,0.0
G0808,19,0.4872,0.0
G0808,20,0.1596,0.0
G0808,21,0.021,0.0
G0808,22,0.0,0.0
G0808,23,0.0,0.0
G0808,24,0.0,0.0
G0810,1,0.0,0.0
G0810,2,0.0,0.0
G0810,3,0.0,0.0
G0810,4,0.0,0.0
G0810,5,0.0,0.0
G0810,6,0.0,0.0
G0810,7,0.665,0.0
G0810,8,2.835,0.0
G0810,9,6.405,0.0
G0810,10,10.01,0.0
G0810,11,13.02,0.0
G0810,12,15.015,0.0
G0810,13,15.855,0.0
G0810,14,15.26,0.0
G0810,15,14.84,0.0
G0810,16,12.25,0.0
G0810,17,10.36,0.0
G0810,18,6.964999999999999,0.0
G0810,19,4.06,0.0
G0810,20,1.33,0.0
G0810,21,0.17500000000000002,0.0
G0810,22,0.0,0.0
G0810,23,0.0,0.0
G0810,24,0.0,0.0
G0813,1,0.0,0.0
G0813,2,0.0,0.0
G0813,3,0.0,0.0
G0813,4,0.0,0.0
G0813,5,0.0,0.0
G0813,6,0.0,0.0
G0813,7,0.3097,0.0
G0813,8,1.3203,0.0
G0813,9,2.9829,0.0
G0813,10,4.6618,0.0
G0813,11,6.0636,0.0
G0813,12,6.9927,0.0
G0813,13,7.3839,0.0
G0813,14,7.1068,0.0
G0813,15,6.9112,0.0
G0813,16,5.705,0.0
G0813,17,4.8248,0.0
G0813,18,3.2437,0.0
G0813,19,1.8908,0.0
G0813,20,0.6194,0.0
G0813,21,0.0815,0.0
G0813,22,0.0,0.0
G0813,23,0.0,0.0
G0813,24,0.0,0.0
G0817,1,0.0,0.0
G0817,2,0.0,0.0
G0817,3,0.0,0.0
G0817,4,0.0,0.0
G0817,5,0.0,0.0
G0817,6,0.0,0.0
G0817,7,0.1178,0.0
G0817,8,0.5022,0.0
G0817,9,1.1346,0.0
G0817,10,1.7732000000000003,0.0
G0817,11,2.3064,0.0
G0817,12,2.6598,0.0
G0817,13,2.8086,0.0
G0817,14,2.7032,0.0
G0817,15,2.6288,0.0
G0817,16,2.17,0.0
G0817,17,1.8352,0.0
G0817,18,1.2338,0.0
G0817,19,0.7192,0.0
G0817,20,0.2356,0.0
G0817,21,0.031000000000000003,0.0
G0817,22,0.0,0.0
G0817,23,0.0,0.0
G0817,24,0.0,0.0
G0819,1,0.0,0.0
G0819,2,0.0,0.0
G0819,3,0.0,0.0
G0819,4,0.0,0.0
G0819,5,0.0,0.0
G0819,6,0.0,0.0
G0819,7,5.1604,0.0
G0819,8,21.9996,0.0
G0819,9,49.7028,0.0
G0819,10,77.6776,0.0
G0819,11,101.0352,0.0
G0819,12,116.5164,0.0
G0819,13,123.0348,0.0
G0819,14,118.4176,0.0
G0819,15,115.1584,0.0
G0819,16,95.06,0.0
G0819,17,80.3936,0.0
G0819,18,54.0484,0.0
G0819,19,31.5056,0.0
G0819,20,10.3208,0.0
G0819,21,1.358,0.0
G0819,22,0.0,0.0
G0819,23,0.0,0.0
G0819,24,0.0,0.0
G0820,1,0.0,0.0
G0820,2,0.0,0.0
G0820,3,0.0,0.0
G0820,4,0.0,0.0
G0820,5,0.0,0.0
G0820,6,0.0,0.0
G0820,7,0.6365,0.0
G0820,8,2.7135,0.0
G0820,9,6.1305,0.0
G0820,10,9.581,0.0
G0820,11,12.462,0.0
G0820,12,14.3715,0.0
G0820,13,15.175500000000001,0.0
G0820,14,14.606,0.0
G0820,15,14.204,0.0
G0820,16,11.725,0.0
G0820,17,9.916,0.0
G0820,18,6.6665,0.0
G0820,19,3.886,0.0
G0820,20,1.273,0.0
G0820,21,0.1675,0.0
G0820,22,0.0,0.0
G0820,23,0.0,0.0
G0820,24,0.0,0.0
G0821,1,0.0,0.0
G0821,2,0.0,0.0
G0821,3,0.0,0.0
G0821,4,0.0,0.0
G0821,5,0.0,0.0
G0821,6,0.0,0.0
G0821,7,0.1045,0.0
G0821,8,0.4455,0.0
G0821,9,1.0065,0.0
G0821,10,1.573,0.0
G0821,11,2.046,0.0
G0821,12,2.3595,0.0
G0821,13,2.4915,0.0
G0821,14,2.398,0.0
G0821,15,2.332,0.0
G0821,16,1.9250000000000003,0.0
G0821,17,1.628,0.0
G0821,18,1.0945,0.0
G0821,19,0.638,0.0
G0821,20,0.209,0.0
G0821,21,0.0275,0.0
G0821,22,0.0,0.0
G0821,23,0.0,0.0
G0821,24,0.0,0.0
G0822,1,0.0,0.0
G0822,2,0.0,0.0
G0822,3,0.0,0.0
G0822,4,0.0,0.0
G0822,5,0.0,0.0
G0822,6,0.0,0.0
G0822,7,0.9309999999999999,0.0
G0822,8,3.9690000000000003,0.0
G0822,9,8.967,0.0
G0822,10,14.014,0.0
G0822,11,18.228,0.0
G0822,12,21.021,0.0
G0822,13,22.197,0.0
G0822,14,21.364,0.0
G0822,15,20.776,0.0
G0822,16,17.15,0.0
G0822,17,14.504,0.0
G0822,18,9.751,0.0
G0822,19,5.684,0.0
G0822,20,1.8619999999999999,0.0
G0822,21,0.245,0.0
G0822,22,0.0,0.0
G0822,23,0.0,0.0
G0822,24,0.0,0.0
G0824,1,0.0,0.0
G0824,2,0.0,0.0
G0824,3,0.0,0.0
G0824,4,0.0,0.0
G0824,5,0.0,0.0
G0824,6,0.0,0.0
G0824,7,0.0665,0.0
G0824,8,0.2835,0.0
G0824,9,0.6405,0.0
G0824,10,1.001,0.0
G0824,11,1.302,0.0
G0824,12,1.5015,0.0
G0824,13,1.5855,0.0
G0824,14,1.526,0.0
G0824,15,1.484,0.0
G0824,16,1.225,0.0
G0824,17,1.036,0.0
G0824,18,0.6965,0.0
G0824,19,0.406,0.0
G0824,20,0.133,0.0
G0824,21,0.0175,0.0
G0824,22,0.0,0.0
G0824,23,0.0,0.0
G0824,24,0.0,0.0
G0825,1,0.0,0.0
G0825,2,0.0,0.0
G0825,3,0.0,0.0
G0825,4,0.0,0.0
G0825,5,0.0,0.0
G0825,6,0.0,0.0
G0825,7,0.6802,0.0
G0825,8,2.8998,0.0
G0825,9,6.5514,0.0
G0825,10,10.2388,0.0
G0825,11,13.3176,0.0
G0825,12,15.3582,0.0
G0825,13,16.2174,0.0
G0825,14,15.6088,0.0
G0825,15,15.1792,0.0
G0825,16,12.53,0.0
G0825,17,10.5968,0.0
G0825,18,7.1242,0.0
G0825,19,4.1528,0.0
G0825,20,1.3604,0.0
G0825,21,0.179,0.0
G0825,22,0.0,0.0
G0825,23,0.0,0.0
G0825,24,0.0,0.0
G0826,1,0.0,0.0
G0826,2,0.0,0.0
G0826,3,0.0,0.0
G0826,4,0.0,0.0
G0826,5,0.0,0.0
G0826,6,0.0,0.0
G0826,7,1.064,0.0
G0826,8,4.536,0.0
G0826,9,10.248,0.0
G0826,10,16.016,0.0
G0826,11,20.832,0.0
G0826,12,24.024,0.0
G0826,13,25.368,0.0
G0826,14,24.416,0.0
G0826,15,23.744,0.0
G0826,16,19.6,0.0
G0826,17,16.576,0.0
G0826,18,11.144,0.0
G0826,19,6.496,0.0
G0826,20,2.128,0.0
G0826,21,0.28,0.0
G0826,22,0.0,0.0
G0826,23,0.0,0.0
G0826,24,0.0,0.0
G0827,1,0.0,0.0
G0827,2,0.0,0.0
G0827,3,0.0,0.0
G0827,4,0.0,0.0
G0827,5,0.0,0.0
G0827,6,0.0,0.0
G0827,7,0.95,0.0
G0827,8,4.05,0.0
G0827,9,9.15,0.0
G0827,10,14.3,0.0
G0827,11,18.6,0.0
G0827,12,21.45,0.0
G0827,13,22.65,0.0
G0827,14,21.8,0.0
G0827,15,21.2,0.0
G0827,16,17.5,0.0
G0827,17,14.800000000000002,0.0
G0827,18,9.95,0.0
G0827,19,5.8,0.0
G0827,20,1.9,0.0
G0827,21,0.25,0.0
G0827,22,0.0,0.0
G0827,23,0.0,0.0
G0827,24,0.0,0.0
G0829,1,0.0,0.0
G0829,2,0.0,0.0
G0829,3,0.0,0.0
G0829,4,0.0,0.0
G0829,5,0.0,0.0
G0829,6,0.0,0.0
G0829,7,0.133,0.0
G0829,8,0.567,0.0
G0829,9,1.281,0.0
G0829,10,2.002,0.0
G0829,11,2.604,0.0
G0829,12,3.003,0.0
G0829,13,3.171,0.0
G0829,14,3.052,0.0
G0829,15,2.968,0.0
G0829,16,2.45,0.0
G0829,17,2.072,0.0
G0829,18,1.393,0.0
G0829,19,0.812,0.0
G0829,20,0.266,0.0
G0829,21,0.035,0.0
G0829,22,0.0,0.0
G0829,23,0.0,0.0
G0829,24,0.0,0.0
G0830,1,0.0,0.0
G0830,2,0.0,0.0
G0830,3,0.0,0.0
G0830,4,0.0,0.0
G0830,5,0.0,0.0
G0830,6,0.0,0.0
G0830,7,0.1178,0.0
G0830,8,0.5022,0.0
G0830,9,1.1346,0.0
G0830,10,1.7732000000000003,0.0
G0830,11,2.3064,0.0
G0830,12,2.6598,0.0
G0830,13,2.8086,0.0
G0830,14,2.7032,0.0
G0830,15,2.6288,0.0
G0830,16,2.17,0.0
G0830,17,1.8352,0.0
G0830,18,1.2338,0.0
G0830,19,0.7192,0.0
G0830,20,0.2356,0.0
G0830,21,0.031000000000000003,0.0
G0830,22,0.0,0.0
G0830,23,0.0,0.0
G0830,24,0.0,0.0
G0831,1,0.0,0.0
G0831,2,0.0,0.0
G0831,3,0.0,0.0
G0831,4,0.0,0.0
G0831,5,0.0,0.0
G0831,6,0.0,0.0
G0831,7,0.0247,0.0
G0831,8,0.1053,0.0
G0831,9,0.2379,0.0
G0831,10,0.3718000000000001,0.0
G0831,11,0.4835999999999999,0.0
G0831,12,0.5577,0.0
G0831,13,0.5889,0.0
G0831,14,0.5668,0.0
G0831,15,0.5512,0.0
G0831,16,0.45499999999999996,0.0
G0831,17,0.3848,0.0
G0831,18,0.2587,0.0
G0831,19,0.1508,0.0
G0831,20,0.0494,0.0
G0831,21,0.006499999999999999,0.0
G0831,22,0.0,0.0
G0831,23,0.0,0.0
G0831,24,0.0,0.0
G0835,1,0.0,0.0
G0835,2,0.0,0.0
G0835,3,0.0,0.0
G0835,4,0.0,0.0
G0835,5,0.0,0.0
G0835,6,0.0,0.0
G0835,7,0.532,0.0
G0835,8,2.268,0.0
G0835,9,5.124,0.0
G0835,10,8.008,0.0
G0835,11,10.416,0.0
G0835,12,12.012,0.0
G0835,13,12.684,0.0
G0835,14,12.208,0.0
G0835,15,11.872,0.0
G0835,16,9.8,0.0
G0835,17,8.288,0.0
G0835,18,5.572,0.0
G0835,19,3.248,0.0
G0835,20,1.064,0.0
G0835,21,0.14,0.0
G0835,22,0.0,0.0
G0835,23,0.0,0.0
G0835,24,0.0,0.0
G0836,1,0.0,0.0
G0836,2,0.0,0.0
G0836,3,0.0,0.0
G0836,4,0.0,0.0
G0836,5,0.0,0.0
G0836,6,0.0,0.0
G0836,7,0.6384,0.0
G0836,8,2.7216,0.0
G0836,9,6.1488,0.0
G0836,10,9.6096,0.0
G0836,11,12.4992,0.0
G0836,12,14.4144,0.0
G0836,13,15.2208,0.0
G0836,14,14.6496,0.0
G0836,15,14.2464,0.0
G0836,16,11.76,0.0
G0836,17,9.9456,0.0
G0836,18,6.6864,0.0
G0836,19,3.8976,0.0
G0836,20,1.2768,0.0
G0836,21,0.168,0.0
G0836,22,0.0,0.0
G0836,23,0.0,0.0
G0836,24,0.0,0.0
G0837,1,0.0,0.0
G0837,2,0.0,0.0
G0837,3,0.0,0.0
G0837,4,0.0,0.0
G0837,5,0.0,0.0
G0837,6,0.0,0.0
G0837,7,1.7404,0.0
G0837,8,7.4196,0.0
G0837,9,16.7628,0.0
G0837,10,26.1976,0.0
G0837,11,34.0752,0.0
G0837,12,39.2964,0.0
G0837,13,41.4948,0.0
G0837,14,39.9376,0.0
G0837,15,38.8384,0.0
G0837,16,32.06,0.0
G0837,17,27.1136,0.0
G0837,18,18.2284,0.0
G0837,19,10.6256,0.0
G0837,20,3.4808,0.0
G0837,21,0.45799999999999996,0.0
G0837,22,0.0,0.0
G0837,23,0.0,0.0
G0837,24,0.0,0.0
G0839,1,0.0,0.0
G0839,2,0.0,0.0
G0839,3,0.0,0.0
G0839,4,0.0,0.0
G0839,5,0.0,0.0
G0839,6,0.0,0.0
G0839,7,2.0824,0.0
G0839,8,8.8776,0.0
G0839,9,20.0568,0.0
G0839,10,31.3456,0.0
G0839,11,40.7712,0.0
G0839,12,47.0184,0.0
G0839,13,49.6488,0.0
G0839,14,47.7856,0.0
G0839,15,46.4704,0.0
G0839,16,38.36,0.0
G0839,17,32.4416,0.0
G0839,18,21.8104,0.0
G0839,19,12.7136,0.0
G0839,20,4.1648,0.0
G0839,21,0.548,0.0
G0839,22,0.0,0.0
G0839,23,0.0,0.0
G0839,24,0.0,0.0
G0841,1,0.0,0.0
G0841,2,0.0,0.0
G0841,3,0.0,0.0
G0841,4,0.0,0.0
G0841,5,0.0,0.0
G0841,6,0.0,0.0
G0841,7,0.0893,0.0
G0841,8,0.3807,0.0
G0841,9,0.8601,0.0
G0841,10,1.3441999999999998,0.0
G0841,11,1.7484,0.0
G0841,12,2.0163,0.0
G0841,13,2.1291,0.0
G0841,14,2.0492,0.0
G0841,15,1.9928000000000001,0.0
G0841,16,1.645,0.0
G0841,17,1.3912,0.0
G0841,18,0.9353000000000001,0.0
G0841,19,0.5452,0.0
G0841,20,0.1786,0.0
G0841,21,0.0235,0.0
G0841,22,0.0,0.0
G0841,23,0.0,0.0
G0841,24,0.0,0.0
G0842,1,0.0,0.0
G0842,2,0.0,0.0
G0842,3,0.0,0.0
G0842,4,0.0,0.0
G0842,5,0.0,0.0
G0842,6,0.0,0.0
G0842,7,0.0494,0.0
G0842,8,0.2106,0.0
G0842,9,0.4758,0.0
G0842,10,0.7436000000000001,0.0
G0842,11,0.9671999999999998,0.0
G0842,12,1.1154,0.0
G0842,13,1.1778,0.0
G0842,14,1.1336,0.0
G0842,15,1.1024,0.0
G0842,16,0.9099999999999999,0.0
G0842,17,0.7696,0.0
G0842,18,0.5174,0.0
G0842,19,0.3016,0.0
G0842,20,0.0988,0.0
G0842,21,0.012999999999999998,0.0
G0842,22,0.0,0.0
G0842,23,0.0,0.0
G0842,24,0.0,0.0
G0844,1,0.0,0.0
G0844,2,0.0,0.0
G0844,3,0.0,0.0
G0844,4,0.0,0.0
G0844,5,0.0,0.0
G0844,6,0.0,0.0
G0844,7,0.2527,0.0
G0844,8,1.0773,0.0
G0844,9,2.4339,0.0
G0844,10,3.8038,0.0
G0844,11,4.9476,0.0
G0844,12,5.7057,0.0
G0844,13,6.0249,0.0
G0844,14,5.7988,0.0
G0844,15,5.6392,0.0
G0844,16,4.655,0.0
G0844,17,3.9368,0.0
G0844,18,2.6467,0.0
G0844,19,1.5428,0.0
G0844,20,0.5054,0.0
G0844,21,0.0665,0.0
G0844,22,0.0,0.0
G0844,23,0.0,0.0
G0844,24,0.0,0.0
G0847,1,0.0,0.0
G0847,2,0.0,0.0
G0847,3,0.0,0.0
G0847,4,0.0,0.0
G0847,5,0.0,0.0
G0847,6,0.0,0.0
G0847,7,2.0881,0.0
G0847,8,8.9019,0.0
G0847,9,20.1117,0.0
G0847,10,31.4314,0.0
G0847,11,40.8828,0.0
G0847,12,47.1471,0.0
G0847,13,49.7847,0.0
G0847,14,47.9164,0.0
G0847,15,46.5976,0.0
G0847,16,38.465,0.0
G0847,17,32.5304,0.0
G0847,18,21.8701,0.0
G0847,19,12.7484,0.0
G0847,20,4.1762,0.0
G0847,21,0.5495,0.0
G0847,22,0.0,0.0
G0847,23,0.0,0.0
G0847,24,0.0,0.0
G0849,1,0.0,0.0
G0849,2,0.0,0.0
G0849,3,0.0,0.0
G0849,4,0.0,0.0
G0849,5,0.0,0.0
G0849,6,0.0,0.0
G0849,7,0.0399,0.0
G0849,8,0.1701,0.0
G0849,9,0.3843,0.0
G0849,10,0.6006,0.0
G0849,11,0.7812,0.0
G0849,12,0.9009,0.0
G0849,13,0.9513,0.0
G0849,14,0.9156,0.0
G0849,15,0.8904,0.0
G0849,16,0.735,0.0
G0849,17,0.6216,0.0
G0849,18,0.4179,0.0
G0849,19,0.2436,0.0
G0849,20,0.0798,0.0
G0849,21,0.0105,0.0
G0849,22,0.0,0.0
G0849,23,0.0,0.0
G0849,24,0.0,0.0
G0850,1,0.0,0.0
G0850,2,0.0,0.0
G0850,3,0.0,0.0
G0850,4,0.0,0.0
G0850,5,0.0,0.0
G0850,6,0.0,0.0
G0850,7,2.4795,0.0
G0850,8,10.5705,0.0
G0850,9,23.8815,0.0
G0850,10,37.323,0.0
G0850,11,48.546,0.0
G0850,12,55.9845,0.0
G0850,13,59.1165,0.0
G0850,14,56.898,0.0
G0850,15,55.332,0.0
G0850,16,45.675,0.0
G0850,17,38.628,0.0
G0850,18,25.9695,0.0
G0850,19,15.138,0.0
G0850,20,4.959,0.0
G0850,21,0.6525,0.0
G0850,22,0.0,0.0
G0850,23,0.0,0.0
G0850,24,0.0,0.0
G0851,1,0.0,0.0
G0851,2,0.0,0.0
G0851,3,0.0,0.0
G0851,4,0.0,0.0
G0851,5,0.0,0.0
G0851,6,0.0,0.0
G0851,7,3.1331,0.0
G0851,8,13.356899999999998,0.0
G0851,9,30.1767,0.0
G0851,10,47.1614,0.0
G0851,11,61.34279999999999,0.0
G0851,12,70.7421,0.0
G0851,13,74.6997,0.0
G0851,14,71.8964,0.0
G0851,15,69.9176,0.0
G0851,16,57.71500000000001,0.0
G0851,17,48.8104,0.0
G0851,18,32.8151,0.0
G0851,19,19.1284,0.0
G0851,20,6.2662,0.0
G0851,21,0.8245,0.0
G0851,22,0.0,0.0
G0851,23,0.0,0.0
G0851,24,0.0,0.0
G0854,1,0.0,0.0
G0854,2,0.0,0.0
G0854,3,0.0,0.0
G0854,4,0.0,0.0
G0854,5,0.0,0.0
G0854,6,0.0,0.0
G0854,7,1.1343,0.0
G0854,8,4.8357,0.0
G0854,9,10.9251,0.0
G0854,10,17.0742,0.0
G0854,11,22.2084,0.0
G0854,12,25.6113,0.0
G0854,13,27.0441,0.0
G0854,14,26.0292,0.0
G0854,15,25.3128,0.0
G0854,16,20.895,0.0
G0854,17,17.6712,0.0
G0854,18,11.8803,0.0
G0854,19,6.9252,0.0
G0854,20,2.2686,0.0
G0854,21,0.2985,0.0
G0854,22,0.0,0.0
G0854,23,0.0,0.0
G0854,24,0.0,0.0
G0856,1,0.0,0.0
G0856,2,0.0,0.0
G0856,3,0.0,0.0
G0856,4,0.0,0.0
G0856,5,0.0,0.0
G0856,6,0.0,0.0
G0856,7,0.4522,0.0
G0856,8,1.9278000000000002,0.0
G0856,9,4.3554,0.0
G0856,10,6.8068,0.0
G0856,11,8.8536,0.0
G0856,12,10.2102,0.0
G0856,13,10.7814,0.0
G0856,14,10.3768,0.0
G0856,15,10.0912,0.0
G0856,16,8.33,0.0
G0856,17,7.0447999999999995,0.0
G0856,18,4.7362,0.0
G0856,19,2.7608,0.0
G0856,20,0.9044,0.0
G0856,21,0.11899999999999998,0.0
G0856,22,0.0,0.0
G0856,23,0.0,0.0
G0856,24,0.0,0.0
G0862,1,0.0,0.0
G0862,2,0.0,0.0
G0862,3,0.0,0.0
G0862,4,0.0,0.0
G0862,5,0.0,0.0
G0862,6,0.0,0.0
G0862,7,4.0204,0.0
G0862,8,17.1396,0.0
G0862,9,38.7228,0.0
G0862,10,60.5176,0.0
G0862,11,78.7152,0.0
G0862,12,90.7764,0.0
G0862,13,95.8548,0.0
G0862,14,92.2576,0.0
G0862,15,89.7184,0.0
G0862,16,74.06,0.0
G0862,17,62.63360000000001,0.0
G0862,18,42.1084,0.0
G0862,19,24.5456,0.0
G0862,20,8.0408,0.0
G0862,21,1.058,0.0
G0862,22,0.0,0.0
G0862,23,0.0,0.0
G0862,24,0.0,0.0
G0866,1,0.0,0.0
G0866,2,0.0,0.0
G0866,3,0.0,0.0
G0866,4,0.0,0.0
G0866,5,0.0,0.0
G0866,6,0.0,0.0
G0866,7,3.2242999999999995,0.0
G0866,8,13.7457,0.0
G0866,9,31.055099999999996,0.0
G0866,10,48.534200000000006,0.0
G0866,11,63.12839999999999,0.0
G0866,12,72.8013,0.0
G0866,13,76.8741,0.0
G0866,14,73.9892,0.0
G0866,15,71.9528,0.0
G0866,16,59.395,0.0
G0866,17,50.2312,0.0
G0866,18,33.7703,0.0
G0866,19,19.6852,0.0
G0866,20,6.448599999999999,0.0
G0866,21,0.8484999999999999,0.0
G0866,22,0.0,0.0
G0866,23,0.0,0.0
G0866,24,0.0,0.0
G0871,1,0.0,0.0
G0871,2,0.0,0.0
G0871,3,0.0,0.0
G0871,4,0.0,0.0
G0871,5,0.0,0.0
G0871,6,0.0,0.0
G0871,7,1.52,0.0
G0871,8,6.48,0.0
G0871,9,14.64,0.0
G0871,10,22.88,0.0
G0871,11,29.759999999999998,0.0
G0871,12,34.32,0.0
G0871,13,36.24,0.0
G0871,14,34.88,0.0
G0871,15,33.92,0.0
G0871,16,28.0,0.0
G0871,17,23.68,0.0
G0871,18,15.920000000000002,0.0
G0871,19,9.28,0.0
G0871,20,3.04,0.0
G0871,21,0.4,0.0
G0871,22,0.0,0.0
G0871,23,0.0,0.0
G0871,24,0.0,0.0
G0872,1,0.0,0.0
G0872,2,0.0,0.0
G0872,3,0.0,0.0
G0872,4,0.0,0.0
G0872,5,0.0,0.0
G0872,6,0.0,0.0
G0872,7,0.028499999999999998,0.0
G0872,8,0.1215,0.0
G0872,9,0.2745,0.0
G0872,10,0.42899999999999994,0.0
G0872,11,0.558,0.0
G0872,12,0.6435,0.0
G0872,13,0.6795,0.0
G0872,14,0.654,0.0
G0872,15,0.636,0.0
G0872,16,0.525,0.0
G0872,17,0.44399999999999995,0.0
G0872,18,0.2985,0.0
G0872,19,0.174,0.0
G0872,20,0.056999999999999995,0.0
G0872,21,0.0075,0.0
G0872,22,0.0,0.0
G0872,23,0.0,0.0
G0872,24,0.0,0.0
G0873,1,0.0,0.0
G0873,2,0.0,0.0
G0873,3,0.0,0.0
G0873,4,0.0,0.0
G0873,5,0.0,0.0
G0873,6,0.0,0.0
G0873,7,1.8962000000000003,0.0
G0873,8,8.0838,0.0
G0873,9,18.2634,0.0
G0873,10,28.542800000000003,0.0
G0873,11,37.1256,0.0
G0873,12,42.8142,0.0
G0873,13,45.2094,0.0
G0873,14,43.5128,0.0
G0873,15,42.3152,0.0
G0873,16,34.93,0.0
G0873,17,29.540800000000004,0.0
G0873,18,19.8602,0.0
G0873,19,11.5768,0.0
G0873,20,3.7924000000000007,0.0
G0873,21,0.499,0.0
G0873,22,0.0,0.0
G0873,23,0.0,0.0
G0873,24,0.0,0.0
G0874,1,0.0,0.0
G0874,2,0.0,0.0
G0874,3,0.0,0.0
G0874,4,0.0,0.0
G0874,5,0.0,0.0
G0874,6,0.0,0.0
G0874,7,1.7176,0.0
G0874,8,7.322399999999999,0.0
G0874,9,16.5432,0.0
G0874,10,25.8544,0.0
G0874,11,33.6288,0.0
G0874,12,38.7816,0.0
G0874,13,40.9512,0.0
G0874,14,39.4144,0.0
G0874,15,38.3296,0.0
G0874,16,31.64,0.0
G0874,17,26.7584,0.0
G0874,18,17.9896,0.0
G0874,19,10.4864,0.0
G0874,20,3.4352,0.0
G0874,21,0.452,0.0
G0874,22,0.0,0.0
G0874,23,0.0,0.0
G0874,24,0.0,0.0
G0876,1,0.0,0.0
G0876,2,0.0,0.0
G0876,3,0.0,0.0
G0876,4,0.0,0.0
G0876,5,0.0,0.0
G0876,6,0.0,0.0
G0876,7,0.11969999999999999,0.0
G0876,8,0.5103,0.0
G0876,9,1.1529,0.0
G0876,10,1.8018,0.0
G0876,11,2.3436,0.0
G0876,12,2.7027,0.0
G0876,13,2.8539,0.0
G0876,14,2.7468,0.0
G0876,15,2.6712,0.0
G0876,16,2.205,0.0
G0876,17,1.8647999999999998,0.0
G0876,18,1.2537,0.0
G0876,19,0.7308,0.0
G0876,20,0.23939999999999997,0.0
G0876,21,0.0315,0.0
G0876,22,0.0,0.0
G0876,23,0.0,0.0
G0876,24,0.0,0.0
G0877,1,0.0,0.0
G0877,2,0.0,0.0
G0877,3,0.0,0.0
G0877,4,0.0,0.0
G0877,5,0.0,0.0
G0877,6,0.0,0.0
G0877,7,0.09690000000000001,0.0
G0877,8,0.4131000000000001,0.0
G0877,9,0.9333,0.0
G0877,10,1.4585999999999997,0.0
G0877,11,1.8972000000000002,0.0
G0877,12,2.1879,0.0
G0877,13,2.3103,0.0
G0877,14,2.2236,0.0
G0877,15,2.1624,0.0
G0877,16,1.7850000000000001,0.0
G0877,17,1.5096,0.0
G0877,18,1.0149,0.0
G0877,19,0.5916,0.0
G0877,20,0.19380000000000003,0.0
G0877,21,0.0255,0.0
G0877,22,0.0,0.0
G0877,23,0.0,0.0
G0877,24,0.0,0.0
G0878,1,0.0,0.0
G0878,2,0.0,0.0
G0878,3,0.0,0.0
G0878,4,0.0,0.0
G0878,5,0.0,0.0
G0878,6,0.0,0.0
G0878,7,12.6977,0.0
G0878,8,54.1323,0.0
G0878,9,122.2989,0.0
G0878,10,191.1338,0.0
G0878,11,248.6076,0.0
G0878,12,286.7007,0.0
G0878,13,302.7399,0.0
G0878,14,291.3788,0.0
G0878,15,283.3592,0.0
G0878,16,233.905,0.0
G0878,17,197.8168,0.0
G0878,18,132.9917,0.0
G0878,19,77.5228,0.0
G0878,20,25.3954,0.0
G0878,21,3.3415,0.0
G0878,22,0.0,0.0
G0878,23,0.0,0.0
G0878,24,0.0,0.0
G0879,1,0.0,0.0
G0879,2,0.0,0.0
G0879,3,0.0,0.0
G0879,4,0.0,0.0
G0879,5,0.0,0.0
G0879,6,0.0,0.0
G0879,7,7.512599999999999,0.0
G0879,8,32.0274,0.0
G0879,9,72.3582,0.0
G0879,10,113.0844,0.0
G0879,11,147.0888,0.0
G0879,12,169.6266,0.0
G0879,13,179.1162,0.0
G0879,14,172.3944,0.0
G0879,15,167.6496,0.0
G0879,16,138.39,0.0
G0879,17,117.03839999999998,0.0
G0879,18,78.6846,0.0
G0879,19,45.8664,0.0
G0879,20,15.025199999999998,0.0
G0879,21,1.9769999999999999,0.0
G0879,22,0.0,0.0
G0879,23,0.0,0.0
G0879,24,0.0,0.0
G0881,1,0.0,0.0
G0881,2,0.0,0.0
G0881,3,0.0,0.0
G0881,4,0.0,0.0
G0881,5,0.0,0.0
G0881,6,0.0,0.0
G0881,7,7.1972,0.0
G0881,8,30.6828,0.0
G0881,9,69.3204,0.0
G0881,10,108.3368,0.0
G0881,11,140.9136,0.0
G0881,12,162.5052,0.0
G0881,13,171.5964,0.0
G0881,14,165.1568,0.0
G0881,15,160.6112,0.0
G0881,16,132.58,0.0
G0881,17,112.1248,0.0
G0881,18,75.3812,0.0
G0881,19,43.9408,0.0
G0881,20,14.3944,0.0
G0881,21,1.8939999999999997,0.0
G0881,22,0.0,0.0
G0881,23,0.0,0.0
G0881,24,0.0,0.0
G0882,1,0.0,0.0
G0882,2,0.0,0.0
G0882,3,0.0,0.0
G0882,4,0.0,0.0
G0882,5,0.0,0.0
G0882,6,0.0,0.0
G0882,7,0.095,0.0
G0882,8,0.405,0.0
G0882,9,0.915,0.0
G0882,10,1.43,0.0
G0882,11,1.8599999999999999,0.0
G0882,12,2.145,0.0
G0882,13,2.265,0.0
G0882,14,2.18,0.0
G0882,15,2.12,0.0
G0882,16,1.75,0.0
G0882,17,1.48,0.0
G0882,18,0.9950000000000001,0.0
G0882,19,0.58,0.0
G0882,20,0.19,0.0
G0882,21,0.025,0.0
G0882,22,0.0,0.0
G0882,23,0.0,0.0
G0882,24,0.0,0.0
G0883,1,0.0,0.0
G0883,2,0.0,0.0
G0883,3,0.0,0.0
G0883,4,0.0,0.0
G0883,5,0.0,0.0
G0883,6,0.0,0.0
G0883,7,1.5637,0.0
G0883,8,6.6663,0.0
G0883,9,15.060899999999998,0.0
G0883,10,23.5378,0.0
G0883,11,30.615599999999997,0.0
G0883,12,35.3067,0.0
G0883,13,37.2819,0.0
G0883,14,35.8828,0.0
G0883,15,34.8952,0.0
G0883,16,28.805000000000003,0.0
G0883,17,24.3608,0.0
G0883,18,16.3777,0.0
G0883,19,9.5468,0.0
G0883,20,3.1274,0.0
G0883,21,0.4115,0.0
G0883,22,0.0,0.0
G0883,23,0.0,0.0
G0883,24,0.0,0.0
G0884,1,0.0,0.0
G0884,2,0.0,0.0
G0884,3,0.0,0.0
G0884,4,0.0,0.0
G0884,5,0.0,0.0
G0884,6,0.0,0.0
G0884,7,0.1368,0.0
G0884,8,0.5832,0.0
G0884,9,1.3176,0.0
G0884,10,2.0592,0.0
G0884,11,2.6784,0.0
G0884,12,3.0888,0.0
G0884,13,3.2616,0.0
G0884,14,3.1392,0.0
G0884,15,3.0528,0.0
G0884,16,2.52,0.0
G0884,17,2.1312,0.0
G0884,18,1.4328,0.0
G0884,19,0.8352,0.0
G0884,20,0.2736,0.0
G0884,21,0.036,0.0
G0884,22,0.0,0.0
G0884,23,0.0,0.0
G0884,24,0.0,0.0
G0886,1,0.0,0.0
G0886,2,0.0,0.0
G0886,3,0.0,0.0
G0886,4,0.0,0.0
G0886,5,0.0,0.0
G0886,6,0.0,0.0
G0886,7,0.0627,0.0
G0886,8,0.2673,0.0
G0886,9,0.6039,0.0
G0886,10,0.9438000000000001,0.0
G0886,11,1.2276,0.0
G0886,12,1.4157,0.0
G0886,13,1.4949,0.0
G0886,14,1.4388,0.0
G0886,15,1.3992,0.0
G0886,16,1.155,0.0
G0886,17,0.9768000000000001,0.0
G0886,18,0.6567,0.0
G0886,19,0.3828,0.0
G0886,20,0.1254,0.0
G0886,21,0.0165,0.0
G0886,22,0.0,0.0
G0886,23,0.0,0.0
G0886,24,0.0,0.0
G0889,1,0.0,0.0
G0889,2,0.0,0.0
G0889,3,0.0,0.0
G0889,4,0.0,0.0
G0889,5,0.0,0.0
G0889,6,0.0,0.0
G0889,7,6.1009,0.0
G0889,8,26.009099999999997,0.0
G0889,9,58.761300000000006,0.0
G0889,10,91.8346,0.0
G0889,11,119.4492,0.0
G0889,12,137.7519,0.0
G0889,13,145.4583,0.0
G0889,14,139.9996,0.0
G0889,15,136.1464,0.0
G0889,16,112.385,0.0
G0889,17,95.04560000000001,0.0
G0889,18,63.8989,0.0
G0889,19,37.2476,0.0
G0889,20,12.2018,0.0
G0889,21,1.6055,0.0
G0889,22,0.0,0.0
G0889,23,0.0,0.0
G0889,24,0.0,0.0
G0892,1,0.0,0.0
G0892,2,0.0,0.0
G0892,3,0.0,0.0
G0892,4,0.0,0.0
G0892,5,0.0,0.0
G0892,6,0.0,0.0
G0892,7,0.152,0.0
G0892,8,0.648,0.0
G0892,9,1.464,0.0
G0892,10,2.288,0.0
G0892,11,2.976,0.0
G0892,12,3.432,0.0
G0892,13,3.624,0.0
G0892,14,3.488,0.0
G0892,15,3.392,0.0
G0892,16,2.8,0.0
G0892,17,2.368,0.0
G0892,18,1.592,0.0
G0892,19,0.928,0.0
G0892,20,0.304,0.0
G0892,21,0.04,0.0
G0892,22,0.0,0.0
G0892,23,0.0,0.0
G0892,24,0.0,0.0
G0894,1,0.0,0.0
G0894,2,0.0,0.0
G0894,3,0.0,0.0
G0894,4,0.0,0.0
G0894,5,0.0,0.0
G0894,6,0.0,0.0
G0894,7,5.802600000000001,0.0
G0894,8,24.737399999999997,0.0
G0894,9,55.8882,0.0
G0894,10,87.3444,0.0
G0894,11,113.6088,0.0
G0894,12,131.0166,0.0
G0894,13,138.3462,0.0
G0894,14,133.1544,0.0
G0894,15,129.4896,0.0
G0894,16,106.89,0.0
G0894,17,90.3984,0.0
G0894,18,60.7746,0.0
G0894,19,35.4264,0.0
G0894,20,11.605200000000002,0.0
G0894,21,1.527,0.0
G0894,22,0.0,0.0
G0894,23,0.0,0.0
G0894,24,0.0,0.0
G0895,1,0.0,0.0
G0895,2,0.0,0.0
G0895,3,0.0,0.0
G0895,4,0.0,0.0
G0895,5,0.0,0.0
G0895,6,0.0,0.0
G0895,7,10.507,0.0
G0895,8,44.793,0.0
G0895,9,101.199,0.0
G0895,10,158.158,0.0
G0895,11,205.716,0.0
G0895,12,237.237,0.0
G0895,13,250.509,0.0
G0895,14,241.108,0.0
G0895,15,234.47199999999998,0.0
G0895,16,193.55,0.0
G0895,17,163.688,0.0
G0895,18,110.047,0.0
G0895,19,64.148,0.0
G0895,20,21.014,0.0
G0895,21,2.765,0.0
G0895,22,0.0,0.0
G0895,23,0.0,0.0
G0895,24,0.0,0.0
G0896,1,0.0,0.0
G0896,2,0.0,0.0
G0896,3,0.0,0.0
G0896,4,0.0,0.0
G0896,5,0.0,0.0
G0896,6,0.0,0.0
G0896,7,11.7154,0.0
G0896,8,49.9446,0.0
G0896,9,112.8378,0.0
G0896,10,176.3476,0.0
G0896,11,229.3752,0.0
G0896,12,264.5214,0.0
G0896,13,279.3198,0.0
G0896,14,268.8376,0.0
G0896,15,261.4384,0.0
G0896,16,215.81,0.0
G0896,17,182.5136,0.0
G0896,18,122.70339999999999,0.0
G0896,19,71.5256,0.0
G0896,20,23.4308,0.0
G0896,21,3.083,0.0
G0896,22,0.0,0.0
G0896,23,0.0,0.0
G0896,24,0.0,0.0
G0897,1,0.0,0.0
G0897,2,0.0,0.0
G0897,3,0.0,0.0
G0897,4,0.0,0.0
G0897,5,0.0,0.0
G0897,6,0.0,0.0
G0897,7,3.6403999999999996,0.0
G0897,8,15.5196,0.0
G0897,9,35.0628,0.0
G0897,10,54.7976,0.0
G0897,11,71.2752,0.0
G0897,12,82.1964,0.0
G0897,13,86.7948,0.0
G0897,14,83.5376,0.0
G0897,15,81.2384,0.0
G0897,16,67.06,0.0
G0897,17,56.71359999999999,0.0
G0897,18,38.1284,0.0
G0897,19,22.2256,0.0
G0897,20,7.280799999999999,0.0
G0897,21,0.958,0.0
G0897,22,0.0,0.0
G0897,23,0.0,0.0
G0897,24,0.0,0.0
G0899,1,0.0,0.0
G0899,2,0.0,0.0
G0899,3,0.0,0.0
G0899,4,0.0,0.0
G0899,5,0.0,0.0
G0899,6,0.0,0.0
G0899,7,0.0494,0.0
G0899,8,0.2106,0.0
G0899,9,0.4758,0.0
G0899,10,0.7436000000000001,0.0
G0899,11,0.9671999999999998,0.0
G0899,12,1.1154,0.0
G0899,13,1.1778,0.0
G0899,14,1.1336,0.0
G0899,15,1.1024,0.0
G0899,16,0.9099999999999999,0.0
G0899,17,0.7696,0.0
G0899,18,0.5174,0.0
G0899,19,0.3016,0.0
G0899,20,0.0988,0.0
G0899,21,0.012999999999999998,0.0
G0899,22,0.0,0.0
G0899,23,0.0,0.0
G0899,24,0.0,0.0
G0904,1,0.0,0.0
G0904,2,0.0,0.0
G0904,3,0.0,0.0
G0904,4,0.0,0.0
G0904,5,0.0,0.0
G0904,6,0.0,0.0
G0904,7,0.0247,0.0
G0904,8,0.1053,0.0
G0904,9,0.2379,0.0
G0904,10,0.3718000000000001,0.0
G0904,11,0.4835999999999999,0.0
G0904,12,0.5577,0.0
G0904,13,0.5889,0.0
G0904,14,0.5668,0.0
G0904,15,0.5512,0.0
G0904,16,0.45499999999999996,0.0
G0904,17,0.3848,0.0
G0904,18,0.2587,0.0
G0904,19,0.1508,0.0
G0904,20,0.0494,0.0
G0904,21,0.006499999999999999,0.0
G0904,22,0.0,0.0
G0904,23,0.0,0.0
G0904,24,0.0,0.0
G0905,1,0.0,0.0
G0905,2,0.0,0.0
G0905,3,0.0,0.0
G0905,4,0.0,0.0
G0905,5,0.0,0.0
G0905,6,0.0,0.0
G0905,7,0.019,0.0
G0905,8,0.081,0.0
G0905,9,0.183,0.0
G0905,10,0.286,0.0
G0905,11,0.372,0.0
G0905,12,0.429,0.0
G0905,13,0.453,0.0
G0905,14,0.436,0.0
G0905,15,0.424,0.0
G0905,16,0.35,0.0
G0905,17,0.296,0.0
G0905,18,0.199,0.0
G0905,19,0.116,0.0
G0905,20,0.038,0.0
G0905,21,0.005,0.0
G0905,22,0.0,0.0
G0905,23,0.0,0.0
G0905,24,0.0,0.0
G0913,1,0.0,0.0
G0913,2,0.0,0.0
G0913,3,0.0,0.0
G0913,4,0.0,0.0
G0913,5,0.0,0.0
G0913,6,0.0,0.0
G0913,7,0.2299,0.0
G0913,8,0.9801,0.0
G0913,9,2.2143,0.0
G0913,10,3.4605999999999995,0.0
G0913,11,4.5012,0.0
G0913,12,5.1909,0.0
G0913,13,5.4813,0.0
G0913,14,5.2756,0.0
G0913,15,5.1304,0.0
G0913,16,4.235,0.0
G0913,17,3.5816,0.0
G0913,18,2.4079,0.0
G0913,19,1.4036,0.0
G0913,20,0.4598,0.0
G0913,21,0.0605,0.0
G0913,22,0.0,0.0
G0913,23,0.0,0.0
G0913,24,0.0,0.0
G0916,1,0.0,0.0
G0916,2,0.0,0.0
G0916,3,0.0,0.0
G0916,4,0.0,0.0
G0916,5,0.0,0.0
G0916,6,0.0,0.0
G0916,7,0.0209,0.0
G0916,8,0.0891,0.0
G0916,9,0.2013,0.0
G0916,10,0.3146,0.0
G0916,11,0.4092,0.0
G0916,12,0.4719,0.0
G0916,13,0.4983,0.0
G0916,14,0.4796,0.0
G0916,15,0.4664,0.0
G0916,16,0.385,0.0
G0916,17,0.3256,0.0
G0916,18,0.2189,0.0
G0916,19,0.1276,0.0
G0916,20,0.0418,0.0
G0916,21,0.0055,0.0
G0916,22,0.0,0.0
G0916,23,0.0,0.0
G0916,24,0.0,0.0
G0917,1,0.0,0.0
G0917,2,0.0,0.0
G0917,3,0.0,0.0
G0917,4,0.0,0.0
G0917,5,0.0,0.0
G0917,6,0.0,0.0
G0917,7,0.10829999999999998,0.0
G0917,8,0.46170000000000005,0.0
G0917,9,1.0431,0.0
G0917,10,1.6301999999999999,0.0
G0917,11,2.1204,0.0
G0917,12,2.4453,0.0
G0917,13,2.5821,0.0
G0917,14,2.4852,0.0
G0917,15,2.4168,0.0
G0917,16,1.9950000000000003,0.0
G0917,17,1.6872,0.0
G0917,18,1.1343,0.0
G0917,19,0.6612,0.0
G0917,20,0.21659999999999996,0.0
G0917,21,0.0285,0.0
G0917,22,0.0,0.0
G0917,23,0.0,0.0
G0917,24,0.0,0.0
G0918,1,0.0,0.0
G0918,2,0.0,0.0
G0918,3,0.0,0.0
G0918,4,0.0,0.0
G0918,5,0.0,0.0
G0918,6,0.0,0.0
G0918,7,0.9765999999999999,0.0
G0918,8,4.1634,0.0
G0918,9,9.4062,0.0
G0918,10,14.700400000000002,0.0
G0918,11,19.1208,0.0
G0918,12,22.0506,0.0
G0918,13,23.2842,0.0
G0918,14,22.4104,0.0
G0918,15,21.7936,0.0
G0918,16,17.99,0.0
G0918,17,15.2144,0.0
G0918,18,10.2286,0.0
G0918,19,5.9624,0.0
G0918,20,1.9531999999999998,0.0
G0918,21,0.257,0.0
G0918,22,0.0,0.0
G0918,23,0.0,0.0
G0918,24,0.0,0.0
G0919,1,0.0,0.0
G0919,2,0.0,0.0
G0919,3,0.0,0.0
G0919,4,0.0,0.0
G0919,5,0.0,0.0
G0919,6,0.0,0.0
G0919,7,2.85,0.0
G0919,8,12.15,0.0
G0919,9,27.45,0.0
G0919,10,42.9,0.0
G0919,11,55.8,0.0
G0919,12,64.35,0.0
G0919,13,67.95,0.0
G0919,14,65.4,0.0
G0919,15,63.6,0.0
G0919,16,52.5,0.0
G0919,17,44.4,0.0
G0919,18,29.85,0.0
G0919,19,17.4,0.0
G0919,20,5.7,0.0
G0919,21,0.75,0.0
G0919,22,0.0,0.0
G0919,23,0.0,0.0
G0919,24,0.0,0.0
G0920,1,0.0,0.0
G0920,2,0.0,0.0
G0920,3,0.0,0.0
G0920,4,0.0,0.0
G0920,5,0.0,0.0
G0920,6,0.0,0.0
G0920,7,3.0552,0.0
G0920,8,13.0248,0.0
G0920,9,29.4264,0.0
G0920,10,45.9888,0.0
G0920,11,59.81759999999999,0.0
G0920,12,68.9832,0.0
G0920,13,72.8424,0.0
G0920,14,70.1088,0.0
G0920,15,68.1792,0.0
G0920,16,56.28,0.0
G0920,17,47.5968,0.0
G0920,18,31.9992,0.0
G0920,19,18.6528,0.0
G0920,20,6.1104,0.0
G0920,21,0.804,0.0
G0920,22,0.0,0.0
G0920,23,0.0,0.0
G0920,24,0.0,0.0
G0921,1,0.0,0.0
G0921,2,0.0,0.0
G0921,3,0.0,0.0
G0921,4,0.0,0.0
G0921,5,0.0,0.0
G0921,6,0.0,0.0
G0921,7,2.1033,0.0
G0921,8,8.9667,0.0
G0921,9,20.2581,0.0
G0921,10,31.6602,0.0
G0921,11,41.1804,0.0
G0921,12,47.4903,0.0
G0921,13,50.1471,0.0
G0921,14,48.2652,0.0
G0921,15,46.9368,0.0
G0921,16,38.745,0.0
G0921,17,32.7672,0.0
G0921,18,22.0293,0.0
G0921,19,12.8412,0.0
G0921,20,4.2066,0.0
G0921,21,0.5535,0.0
G0921,22,0.0,0.0
G0921,23,0.0,0.0
G0921,24,0.0,0.0
G0922,1,0.0,0.0
G0922,2,0.0,0.0
G0922,3,0.0,0.0
G0922,4,0.0,0.0
G0922,5,0.0,0.0
G0922,6,0.0,0.0
G0922,7,3.6784,0.0
G0922,8,15.6816,0.0
G0922,9,35.4288,0.0
G0922,10,55.36959999999999,0.0
G0922,11,72.0192,0.0
G0922,12,83.0544,0.0
G0922,13,87.7008,0.0
G0922,14,84.4096,0.0
G0922,15,82.0864,0.0
G0922,16,67.76,0.0
G0922,17,57.3056,0.0
G0922,18,38.5264,0.0
G0922,19,22.4576,0.0
G0922,20,7.3568,0.0
G0922,21,0.968,0.0
G0922,22,0.0,0.0
G0922,23,0.0,0.0
G0922,24,0.0,0.0
G0924,1,0.0,0.0
G0924,2,0.0,0.0
G0924,3,0.0,0.0
G0924,4,0.0,0.0
G0924,5,0.0,0.0
G0924,6,0.0,0.0
G0924,7,0.3952,0.0
G0924,8,1.6848,0.0
G0924,9,3.8064,0.0
G0924,10,5.948800000000001,0.0
G0924,11,7.737599999999999,0.0
G0924,12,8.9232,0.0
G0924,13,9.4224,0.0
G0924,14,9.0688,0.0
G0924,15,8.8192,0.0
G0924,16,7.279999999999999,0.0
G0924,17,6.1568,0.0
G0924,18,4.1392,0.0
G0924,19,2.4128,0.0
G0924,20,0.7904,0.0
G0924,21,0.10399999999999998,0.0
G0924,22,0.0,0.0
G0924,23,0.0,0.0
G0924,24,0.0,0.0
G0926,1,0.0,0.0
G0926,2,0.0,0.0
G0926,3,0.0,0.0
G0926,4,0.0,0.0
G0926,5,0.0,0.0
G0926,6,0.0,0.0
G0926,7,2.6581,0.0
G0926,8,11.3319,0.0
G0926,9,25.6017,0.0
G0926,10,40.0114,0.0
G0926,11,52.0428,0.0
G0926,12,60.0171,0.0
G0926,13,63.3747,0.0
G0926,14,60.9964,0.0
G0926,15,59.3176,0.0
G0926,16,48.965,0.0
G0926,17,41.4104,0.0
G0926,18,27.8401,0.0
G0926,19,16.2284,0.0
G0926,20,5.3162,0.0
G0926,21,0.6995,0.0
G0926,22,0.0,0.0
G0926,23,0.0,0.0
G0926,24,0.0,0.0
G0927,1,0.0,0.0
G0927,2,0.0,0.0
G0927,3,0.0,0.0
G0927,4,0.0,0.0
G0927,5,0.0,0.0
G0927,6,0.0,0.0
G0927,7,23.0033,0.0
G0927,8,98.06669999999998,0.0
G0927,9,221.5581,0.0
G0927,10,346.2602,0.0
G0927,11,450.3804,0.0
G0927,12,519.3903,0.0
G0927,13,548.4471,0.0
G0927,14,527.8652,0.0
G0927,15,513.3368,0.0
G0927,16,423.745,0.0
G0927,17,358.36719999999997,0.0
G0927,18,240.9293,0.0
G0927,19,140.4412,0.0
G0927,20,46.0066,0.0
G0927,21,6.0535,0.0
G0927,22,0.0,0.0
G0927,23,0.0,0.0
G0927,24,0.0,0.0
G0002,1,0.0,0.0
G0002,2,0.0,0.0
G0002,3,0.0,0.0
G0002,4,0.0,0.0
G0002,5,0.0,0.0
G0002,6,0.0,0.0
G0002,7,0.95,0.0
G0002,8,4.05,0.0
G0002,9,9.15,0.0
G0002,10,14.3,0.0
G0002,11,18.6,0.0
G0002,12,21.45,0.0
G0002,13,22.65,0.0
G0002,14,21.8,0.0
G0002,15,21.2,0.0
G0002,16,17.5,0.0
G0002,17,14.800000000000002,0.0
G0002,18,9.95,0.0
G0002,19,5.8,0.0
G0002,20,1.9,0.0
G0002,21,0.25,0.0
G0002,22,0.0,0.0
G0002,23,0.0,0.0
G0002,24,0.0,0.0
G0003,1,0.0,0.0
G0003,2,0.0,0.0
G0003,3,0.0,0.0
G0003,4,0.0,0.0
G0003,5,0.0,0.0
G0003,6,0.0,0.0
G0003,7,0.95,0.0
G0003,8,4.05,0.0
G0003,9,9.15,0.0
G0003,10,14.3,0.0
G0003,11,18.6,0.0
G0003,12,21.45,0.0
G0003,13,22.65,0.0
G0003,14,21.8,0.0
G0003,15,21.2,0.0
G0003,16,17.5,0.0
G0003,17,14.800000000000002,0.0
G0003,18,9.95,0.0
G0003,19,5.8,0.0
G0003,20,1.9,0.0
G0003,21,0.25,0.0
G0003,22,0.0,0.0
G0003,23,0.0,0.0
G0003,24,0.0,0.0
G0007,1,0.0,0.0
G0007,2,0.0,0.0
G0007,3,0.0,0.0
G0007,4,0.0,0.0
G0007,5,0.0,0.0
G0007,6,0.0,0.0
G0007,7,0.95,0.0
G0007,8,4.05,0.0
G0007,9,9.15,0.0
G0007,10,14.3,0.0
G0007,11,18.6,0.0
G0007,12,21.45,0.0
G0007,13,22.65,0.0
G0007,14,21.8,0.0
G0007,15,21.2,0.0
G0007,16,17.5,0.0
G0007,17,14.800000000000002,0.0
G0007,18,9.95,0.0
G0007,19,5.8,0.0
G0007,20,1.9,0.0
G0007,21,0.25,0.0
G0007,22,0.0,0.0
G0007,23,0.0,0.0
G0007,24,0.0,0.0
G0008,1,0.0,0.0
G0008,2,0.0,0.0
G0008,3,0.0,0.0
G0008,4,0.0,0.0
G0008,5,0.0,0.0
G0008,6,0.0,0.0
G0008,7,0.9481000000000002,0.0
G0008,8,4.0419,0.0
G0008,9,9.1317,0.0
G0008,10,14.271400000000002,0.0
G0008,11,18.5628,0.0
G0008,12,21.4071,0.0
G0008,13,22.6047,0.0
G0008,14,21.7564,0.0
G0008,15,21.1576,0.0
G0008,16,17.465,0.0
G0008,17,14.770400000000002,0.0
G0008,18,9.9301,0.0
G0008,19,5.7884,0.0
G0008,20,1.8962000000000003,0.0
G0008,21,0.2495,0.0
G0008,22,0.0,0.0
G0008,23,0.0,0.0
G0008,24,0.0,0.0
G0127,1,0.0,0.0
G0127,2,0.0,0.0
G0127,3,0.0,0.0
G0127,4,0.0,0.0
G0127,5,0.0,0.0
G0127,6,0.0,0.0
G0127,7,0.95,0.0
G0127,8,4.05,0.0
G0127,9,9.15,0.0
G0127,10,14.3,0.0
G0127,11,18.6,0.0
G0127,12,21.45,0.0
G0127,13,22.65,0.0
G0127,14,21.8,0.0
G0127,15,21.2,0.0
G0127,16,17.5,0.0
G0127,17,14.800000000000002,0.0
G0127,18,9.95,0.0
G0127,19,5.8,0.0
G0127,20,1.9,0.0
G0127,21,0.25,0.0
G0127,22,0.0,0.0
G0127,23,0.0,0.0
G0127,24,0.0,0.0
G0128,1,0.0,0.0
G0128,2,0.0,0.0
G0128,3,0.0,0.0
G0128,4,0.0,0.0
G0128,5,0.0,0.0
G0128,6,0.0,0.0
G0128,7,0.95,0.0
G0128,8,4.05,0.0
G0128,9,9.15,0.0
G0128,10,14.3,0.0
G0128,11,18.6,0.0
G0128,12,21.45,0.0
G0128,13,22.65,0.0
G0128,14,21.8,0.0
G0128,15,21.2,0.0
G0128,16,17.5,0.0
G0128,17,14.800000000000002,0.0
G0128,18,9.95,0.0
G0128,19,5.8,0.0
G0128,20,1.9,0.0
G0128,21,0.25,0.0
G0128,22,0.0,0.0
G0128,23,0.0,0.0
G0128,24,0.0,0.0
G0129,1,0.0,0.0
G0129,2,0.0,0.0
G0129,3,0.0,0.0
G0129,4,0.0,0.0
G0129,5,0.0,0.0
G0129,6,0.0,0.0
G0129,7,0.95,0.0
G0129,8,4.05,0.0
G0129,9,9.15,0.0
G0129,10,14.3,0.0
G0129,11,18.6,0.0
G0129,12,21.45,0.0
G0129,13,22.65,0.0
G0129,14,21.8,0.0
G0129,15,21.2,0.0
G0129,16,17.5,0.0
G0129,17,14.800000000000002,0.0
G0129,18,9.95,0.0
G0129,19,5.8,0.0
G0129,20,1.9,0.0
G0129,21,0.25,0.0
G0129,22,0.0,0.0
G0129,23,0.0,0.0
G0129,24,0.0,0.0
G0177,1,0.0,0.0
G0177,2,0.0,0.0
G0177,3,0.0,0.0
G0177,4,0.0,0.0
G0177,5,0.0,0.0
G0177,6,0.0,0.0
G0177,7,0.0266,0.0
G0177,8,0.1134,0.0
G0177,9,0.2562,0.0
G0177,10,0.4003999999999999,0.0
G0177,11,0.5208,0.0
G0177,12,0.6006,0.0
G0177,13,0.6342,0.0
G0177,14,0.6104,0.0
G0177,15,0.5936,0.0
G0177,16,0.49,0.0
G0177,17,0.41439999999999994,0.0
G0177,18,0.2786,0.0
G0177,19,0.1624,0.0
G0177,20,0.0532,0.0
G0177,21,0.006999999999999999,0.0
G0177,22,0.0,0.0
G0177,23,0.0,0.0
G0177,24,0.0,0.0
G0178,1,0.0,0.0
G0178,2,0.0,0.0
G0178,3,0.0,0.0
G0178,4,0.0,0.0
G0178,5,0.0,0.0
G0178,6,0.0,0.0
G0178,7,0.57,0.0
G0178,8,2.43,0.0
G0178,9,5.49,0.0
G0178,10,8.58,0.0
G0178,11,11.16,0.0
G0178,12,12.87,0.0
G0178,13,13.59,0.0
G0178,14,13.08,0.0
G0178,15,12.72,0.0
G0178,16,10.5,0.0
G0178,17,8.88,0.0
G0178,18,5.97,0.0
G0178,19,3.48,0.0
G0178,20,1.14,0.0
G0178,21,0.15,0.0
G0178,22,0.0,0.0
G0178,23,0.0,0.0
G0178,24,0.0,0.0
G0240,1,0.0,0.0
G0240,2,0.0,0.0
G0240,3,0.0,0.0
G0240,4,0.0,0.0
G0240,5,0.0,0.0
G0240,6,0.0,0.0
G0240,7,0.95,0.0
G0240,8,4.05,0.0
G0240,9,9.15,0.0
G0240,10,14.3,0.0
G0240,11,18.6,0.0
G0240,12,21.45,0.0
G0240,13,22.65,0.0
G0240,14,21.8,0.0
G0240,15,21.2,0.0
G0240,16,17.5,0.0
G0240,17,14.800000000000002,0.0
G0240,18,9.95,0.0
G0240,19,5.8,0.0
G0240,20,1.9,0.0
G0240,21,0.25,0.0
G0240,22,0.0,0.0
G0240,23,0.0,0.0
G0240,24,0.0,0.0
G0243,1,0.0,0.0
G0243,2,0.0,0.0
G0243,3,0.0,0.0
G0243,4,0.0,0.0
G0243,5,0.0,0.0
G0243,6,0.0,0.0
G0243,7,0.57,0.0
G0243,8,2.43,0.0
G0243,9,5.49,0.0
G0243,10,8.58,0.0
G0243,11,11.16,0.0
G0243,12,12.87,0.0
G0243,13,13.59,0.0
G0243,14,13.08,0.0
G0243,15,12.72,0.0
G0243,16,10.5,0.0
G0243,17,8.88,0.0
G0243,18,5.97,0.0
G0243,19,3.48,0.0
G0243,20,1.14,0.0
G0243,21,0.15,0.0
G0243,22,0.0,0.0
G0243,23,0.0,0.0
G0243,24,0.0,0.0
G0249,1,0.0,0.0
G0249,2,0.0,0.0
G0249,3,0.0,0.0
G0249,4,0.0,0.0
G0249,5,0.0,0.0
G0249,6,0.0,0.0
G0249,7,0.38,0.0
G0249,8,1.62,0.0
G0249,9,3.66,0.0
G0249,10,5.72,0.0
G0249,11,7.4399999999999995,0.0
G0249,12,8.58,0.0
G0249,13,9.06,0.0
G0249,14,8.72,0.0
G0249,15,8.48,0.0
G0249,16,7.0,0.0
G0249,17,5.92,0.0
G0249,18,3.9800000000000004,0.0
G0249,19,2.32,0.0
G0249,20,0.76,0.0
G0249,21,0.1,0.0
G0249,22,0.0,0.0
G0249,23,0.0,0.0
G0249,24,0.0,0.0
G0250,1,0.0,0.0
G0250,2,0.0,0.0
G0250,3,0.0,0.0
G0250,4,0.0,0.0
G0250,5,0.0,0.0
G0250,6,0.0,0.0
G0250,7,0.209,0.0
G0250,8,0.891,0.0
G0250,9,2.013,0.0
G0250,10,3.146,0.0
G0250,11,4.092,0.0
G0250,12,4.719,0.0
G0250,13,4.983,0.0
G0250,14,4.796,0.0
G0250,15,4.664,0.0
G0250,16,3.8500000000000005,0.0
G0250,17,3.256,0.0
G0250,18,2.189,0.0
G0250,19,1.276,0.0
G0250,20,0.418,0.0
G0250,21,0.055,0.0
G0250,22,0.0,0.0
G0250,23,0.0,0.0
G0250,24,0.0,0.0
G0344,1,0.0,0.0
G0344,2,0.0,0.0
G0344,3,0.0,0.0
G0344,4,0.0,0.0
G0344,5,0.0,0.0
G0344,6,0.0,0.0
G0344,7,0.4598,0.0
G0344,8,1.9602,0.0
G0344,9,4.4286,0.0
G0344,10,6.921199999999999,0.0
G0344,11,9.0024,0.0
G0344,12,10.3818,0.0
G0344,13,10.9626,0.0
G0344,14,10.5512,0.0
G0344,15,10.2608,0.0
G0344,16,8.47,0.0
G0344,17,7.1632,0.0
G0344,18,4.8158,0.0
G0344,19,2.8072,0.0
G0344,20,0.9196,0.0
G0344,21,0.121,0.0
G0344,22,0.0,0.0
G0344,23,0.0,0.0
G0344,24,0.0,0.0
G0389,1,0.0,0.0
G0389,2,0.0,0.0
G0389,3,0.0,0.0
G0389,4,0.0,0.0
G0389,5,0.0,0.0
G0389,6,0.0,0.0
G0389,7,0.95,0.0
G0389,8,4.05,0.0
G0389,9,9.15,0.0
G0389,10,14.3,0.0
G0389,11,18.6,0.0
G0389,12,21.45,0.0
G0389,13,22.65,0.0
G0389,14,21.8,0.0
G0389,15,21.2,0.0
G0389,16,17.5,0.0
G0389,17,14.800000000000002,0.0
G0389,18,9.95,0.0
G0389,19,5.8,0.0
G0389,20,1.9,0.0
G0389,21,0.25,0.0
G0389,22,0.0,0.0
G0389,23,0.0,0.0
G0389,24,0.0,0.0
G0390,1,0.0,0.0
G0390,2,0.0,0.0
G0390,3,0.0,0.0
G0390,4,0.0,0.0
G0390,5,0.0,0.0
G0390,6,0.0,0.0
G0390,7,0.95,0.0
G0390,8,4.05,0.0
G0390,9,9.15,0.0
G0390,10,14.3,0.0
G0390,11,18.6,0.0
G0390,12,21.45,0.0
G0390,13,22.65,0.0
G0390,14,21.8,0.0
G0390,15,21.2,0.0
G0390,16,17.5,0.0
G0390,17,14.800000000000002,0.0
G0390,18,9.95,0.0
G0390,19,5.8,0.0
G0390,20,1.9,0.0
G0390,21,0.25,0.0
G0390,22,0.0,0.0
G0390,23,0.0,0.0
G0390,24,0.0,0.0
G0405,1,0.0,0.0
G0405,2,0.0,0.0
G0405,3,0.0,0.0
G0405,4,0.0,0.0
G0405,5,0.0,0.0
G0405,6,0.0,0.0
G0405,7,0.9481000000000002,0.0
G0405,8,4.0419,0.0
G0405,9,9.1317,0.0
G0405,10,14.271400000000002,0.0
G0405,11,18.5628,0.0
G0405,12,21.4071,0.0
G0405,13,22.6047,0.0
G0405,14,21.7564,0.0
G0405,15,21.1576,0.0
G0405,16,17.465,0.0
G0405,17,14.770400000000002,0.0
G0405,18,9.9301,0.0
G0405,19,5.7884,0.0
G0405,20,1.8962000000000003,0.0
G0405,21,0.2495,0.0
G0405,22,0.0,0.0
G0405,23,0.0,0.0
G0405,24,0.0,0.0
G0427,1,0.0,0.0
G0427,2,0.0,0.0
G0427,3,0.0,0.0
G0427,4,0.0,0.0
G0427,5,0.0,0.0
G0427,6,0.0,0.0
G0427,7,0.9481000000000002,0.0
G0427,8,4.0419,0.0
G0427,9,9.1317,0.0
G0427,10,14.271400000000002,0.0
G0427,11,18.5628,0.0
G0427,12,21.4071,0.0
G0427,13,22.6047,0.0
G0427,14,21.7564,0.0
G0427,15,21.1576,0.0
G0427,16,17.465,0.0
G0427,17,14.770400000000002,0.0
G0427,18,9.9301,0.0
G0427,19,5.7884,0.0
G0427,20,1.8962000000000003,0.0
G0427,21,0.2495,0.0
G0427,22,0.0,0.0
G0427,23,0.0,0.0
G0427,24,0.0,0.0
G0431,1,0.0,0.0
G0431,2,0.0,0.0
G0431,3,0.0,0.0
G0431,4,0.0,0.0
G0431,5,0.0,0.0
G0431,6,0.0,0.0
G0431,7,0.95,0.0
G0431,8,4.05,0.0
G0431,9,9.15,0.0
G0431,10,14.3,0.0
G0431,11,18.6,0.0
G0431,12,21.45,0.0
G0431,13,22.65,0.0
G0431,14,21.8,0.0
G0431,15,21.2,0.0
G0431,16,17.5,0.0
G0431,17,14.800000000000002,0.0
G0431,18,9.95,0.0
G0431,19,5.8,0.0
G0431,20,1.9,0.0
G0431,21,0.25,0.0
G0431,22,0.0,0.0
G0431,23,0.0,0.0
G0431,24,0.0,0.0
G0432,1,0.0,0.0
G0432,2,0.0,0.0
G0432,3,0.0,0.0
G0432,4,0.0,0.0
G0432,5,0.0,0.0
G0432,6,0.0,0.0
G0432,7,0.95,0.0
G0432,8,4.05,0.0
G0432,9,9.15,0.0
G0432,10,14.3,0.0
G0432,11,18.6,0.0
G0432,12,21.45,0.0
G0432,13,22.65,0.0
G0432,14,21.8,0.0
G0432,15,21.2,0.0
G0432,16,17.5,0.0
G0432,17,14.800000000000002,0.0
G0432,18,9.95,0.0
G0432,19,5.8,0.0
G0432,20,1.9,0.0
G0432,21,0.25,0.0
G0432,22,0.0,0.0
G0432,23,0.0,0.0
G0432,24,0.0,0.0
G0473,1,0.0,0.0
G0473,2,0.0,0.0
G0473,3,0.0,0.0
G0473,4,0.0,0.0
G0473,5,0.0,0.0
G0473,6,0.0,0.0
G0473,7,0.95,0.0
G0473,8,4.05,0.0
G0473,9,9.15,0.0
G0473,10,14.3,0.0
G0473,11,18.6,0.0
G0473,12,21.45,0.0
G0473,13,22.65,0.0
G0473,14,21.8,0.0
G0473,15,21.2,0.0
G0473,16,17.5,0.0
G0473,17,14.800000000000002,0.0
G0473,18,9.95,0.0
G0473,19,5.8,0.0
G0473,20,1.9,0.0
G0473,21,0.25,0.0
G0473,22,0.0,0.0
G0473,23,0.0,0.0
G0473,24,0.0,0.0
G0495,1,0.0,0.0
G0495,2,0.0,0.0
G0495,3,0.0,0.0
G0495,4,0.0,0.0
G0495,5,0.0,0.0
G0495,6,0.0,0.0
G0495,7,0.9481000000000002,0.0
G0495,8,4.0419,0.0
G0495,9,9.1317,0.0
G0495,10,14.271400000000002,0.0
G0495,11,18.5628,0.0
G0495,12,21.4071,0.0
G0495,13,22.6047,0.0
G0495,14,21.7564,0.0
G0495,15,21.1576,0.0
G0495,16,17.465,0.0
G0495,17,14.770400000000002,0.0
G0495,18,9.9301,0.0
G0495,19,5.7884,0.0
G0495,20,1.8962000000000003,0.0
G0495,21,0.2495,0.0
G0495,22,0.0,0.0
G0495,23,0.0,0.0
G0495,24,0.0,0.0
G0603,1,0.0,0.0
G0603,2,0.0,0.0
G0603,3,0.0,0.0
G0603,4,0.0,0.0
G0603,5,0.0,0.0
G0603,6,0.0,0.0
G0603,7,0.95,0.0
G0603,8,4.05,0.0
G0603,9,9.15,0.0
G0603,10,14.3,0.0
G0603,11,18.6,0.0
G0603,12,21.45,0.0
G0603,13,22.65,0.0
G0603,14,21.8,0.0
G0603,15,21.2,0.0
G0603,16,17.5,0.0
G0603,17,14.800000000000002,0.0
G0603,18,9.95,0.0
G0603,19,5.8,0.0
G0603,20,1.9,0.0
G0603,21,0.25,0.0
G0603,22,0.0,0.0
G0603,23,0.0,0.0
G0603,24,0.0,0.0
G0605,1,0.0,0.0
G0605,2,0.0,0.0
G0605,3,0.0,0.0
G0605,4,0.0,0.0
G0605,5,0.0,0.0
G0605,6,0.0,0.0
G0605,7,0.9481000000000002,0.0
G0605,8,4.0419,0.0
G0605,9,9.1317,0.0
G0605,10,14.271400000000002,0.0
G0605,11,18.5628,0.0
G0605,12,21.4071,0.0
G0605,13,22.6047,0.0
G0605,14,21.7564,0.0
G0605,15,21.1576,0.0
G0605,16,17.465,0.0
G0605,17,14.770400000000002,0.0
G0605,18,9.9301,0.0
G0605,19,5.7884,0.0
G0605,20,1.8962000000000003,0.0
G0605,21,0.2495,0.0
G0605,22,0.0,0.0
G0605,23,0.0,0.0
G0605,24,0.0,0.0
G0606,1,0.0,0.0
G0606,2,0.0,0.0
G0606,3,0.0,0.0
G0606,4,0.0,0.0
G0606,5,0.0,0.0
G0606,6,0.0,0.0
G0606,7,0.9481000000000002,0.0
G0606,8,4.0419,0.0
G0606,9,9.1317,0.0
G0606,10,14.271400000000002,0.0
G0606,11,18.5628,0.0
G0606,12,21.4071,0.0
G0606,13,22.6047,0.0
G0606,14,21.7564,0.0
G0606,15,21.1576,0.0
G0606,16,17.465,0.0
G0606,17,14.770400000000002,0.0
G0606,18,9.9301,0.0
G0606,19,5.7884,0.0
G0606,20,1.8962000000000003,0.0
G0606,21,0.2495,0.0
G0606,22,0.0,0.0
G0606,23,0.0,0.0
G0606,24,0.0,0.0
G0609,1,0.0,0.0
G0609,2,0.0,0.0
G0609,3,0.0,0.0
G0609,4,0.0,0.0
G0609,5,0.0,0.0
G0609,6,0.0,0.0
G0609,7,0.9481000000000002,0.0
G0609,8,4.0419,0.0
G0609,9,9.1317,0.0
G0609,10,14.271400000000002,0.0
G0609,11,18.5628,0.0
G0609,12,21.4071,0.0
G0609,13,22.6047,0.0
G0609,14,21.7564,0.0
G0609,15,21.1576,0.0
G0609,16,17.465,0.0
G0609,17,14.770400000000002,0.0
G0609,18,9.9301,0.0
G0609,19,5.7884,0.0
G0609,20,1.8962000000000003,0.0
G0609,21,0.2495,0.0
G0609,22,0.0,0.0
G0609,23,0.0,0.0
G0609,24,0.0,0.0
G0618,1,0.0,0.0
G0618,2,0.0,0.0
G0618,3,0.0,0.0
G0618,4,0.0,0.0
G0618,5,0.0,0.0
G0618,6,0.0,0.0
G0618,7,0.95,0.0
G0618,8,4.05,0.0
G0618,9,9.15,0.0
G0618,10,14.3,0.0
G0618,11,18.6,0.0
G0618,12,21.45,0.0
G0618,13,22.65,0.0
G0618,14,21.8,0.0
G0618,15,21.2,0.0
G0618,16,17.5,0.0
G0618,17,14.800000000000002,0.0
G0618,18,9.95,0.0
G0618,19,5.8,0.0
G0618,20,1.9,0.0
G0618,21,0.25,0.0
G0618,22,0.0,0.0
G0618,23,0.0,0.0
G0618,24,0.0,0.0
G0619,1,0.0,0.0
G0619,2,0.0,0.0
G0619,3,0.0,0.0
G0619,4,0.0,0.0
G0619,5,0.0,0.0
G0619,6,0.0,0.0
G0619,7,0.95,0.0
G0619,8,4.05,0.0
G0619,9,9.15,0.0
G0619,10,14.3,0.0
G0619,11,18.6,0.0
G0619,12,21.45,0.0
G0619,13,22.65,0.0
G0619,14,21.8,0.0
G0619,15,21.2,0.0
G0619,16,17.5,0.0
G0619,17,14.800000000000002,0.0
G0619,18,9.95,0.0
G0619,19,5.8,0.0
G0619,20,1.9,0.0
G0619,21,0.25,0.0
G0619,22,0.0,0.0
G0619,23,0.0,0.0
G0619,24,0.0,0.0
G0620,1,0.0,0.0
G0620,2,0.0,0.0
G0620,3,0.0,0.0
G0620,4,0.0,0.0
G0620,5,0.0,0.0
G0620,6,0.0,0.0
G0620,7,0.95,0.0
G0620,8,4.05,0.0
G0620,9,9.15,0.0
G0620,10,14.3,0.0
G0620,11,18.6,0.0
G0620,12,21.45,0.0
G0620,13,22.65,0.0
G0620,14,21.8,0.0
G0620,15,21.2,0.0
G0620,16,17.5,0.0
G0620,17,14.800000000000002,0.0
G0620,18,9.95,0.0
G0620,19,5.8,0.0
G0620,20,1.9,0.0
G0620,21,0.25,0.0
G0620,22,0.0,0.0
G0620,23,0.0,0.0
G0620,24,0.0,0.0
G0632,1,0.0,0.0
G0632,2,0.0,0.0
G0632,3,0.0,0.0
G0632,4,0.0,0.0
G0632,5,0.0,0.0
G0632,6,0.0,0.0
G0632,7,0.95,0.0
G0632,8,4.05,0.0
G0632,9,9.15,0.0
G0632,10,14.3,0.0
G0632,11,18.6,0.0
G0632,12,21.45,0.0
G0632,13,22.65,0.0
G0632,14,21.8,0.0
G0632,15,21.2,0.0
G0632,16,17.5,0.0
G0632,17,14.800000000000002,0.0
G0632,18,9.95,0.0
G0632,19,5.8,0.0
G0632,20,1.9,0.0
G0632,21,0.25,0.0
G0632,22,0.0,0.0
G0632,23,0.0,0.0
G0632,24,0.0,0.0
G0633,1,0.0,0.0
G0633,2,0.0,0.0
G0633,3,0.0,0.0
G0633,4,0.0,0.0
G0633,5,0.0,0.0
G0633,6,0.0,0.0
G0633,7,0.95,0.0
G0633,8,4.05,0.0
G0633,9,9.15,0.0
G0633,10,14.3,0.0
G0633,11,18.6,0.0
G0633,12,21.45,0.0
G0633,13,22.65,0.0
G0633,14,21.8,0.0
G0633,15,21.2,0.0
G0633,16,17.5,0.0
G0633,17,14.800000000000002,0.0
G0633,18,9.95,0.0
G0633,19,5.8,0.0
G0633,20,1.9,0.0
G0633,21,0.25,0.0
G0633,22,0.0,0.0
G0633,23,0.0,0.0
G0633,24,0.0,0.0
G0679,1,0.0,0.0
G0679,2,0.0,0.0
G0679,3,0.0,0.0
G0679,4,0.0,0.0
G0679,5,0.0,0.0
G0679,6,0.0,0.0
G0679,7,0.95,0.0
G0679,8,4.05,0.0
G0679,9,9.15,0.0
G0679,10,14.3,0.0
G0679,11,18.6,0.0
G0679,12,21.45,0.0
G0679,13,22.65,0.0
G0679,14,21.8,0.0
G0679,15,21.2,0.0
G0679,16,17.5,0.0
G0679,17,14.800000000000002,0.0
G0679,18,9.95,0.0
G0679,19,5.8,0.0
G0679,20,1.9,0.0
G0679,21,0.25,0.0
G0679,22,0.0,0.0
G0679,23,0.0,0.0
G0679,24,0.0,0.0
G0682,1,0.0,0.0
G0682,2,0.0,0.0
G0682,3,0.0,0.0
G0682,4,0.0,0.0
G0682,5,0.0,0.0
G0682,6,0.0,0.0
G0682,7,0.8569,0.0
G0682,8,3.6531,0.0
G0682,9,8.2533,0.0
G0682,10,12.8986,0.0
G0682,11,16.7772,0.0
G0682,12,19.3479,0.0
G0682,13,20.4303,0.0
G0682,14,19.6636,0.0
G0682,15,19.1224,0.0
G0682,16,15.785,0.0
G0682,17,13.3496,0.0
G0682,18,8.9749,0.0
G0682,19,5.2316,0.0
G0682,20,1.7138,0.0
G0682,21,0.2255,0.0
G0682,22,0.0,0.0
G0682,23,0.0,0.0
G0682,24,0.0,0.0
G0720,1,0.0,0.0
G0720,2,0.0,0.0
G0720,3,0.0,0.0
G0720,4,0.0,0.0
G0720,5,0.0,0.0
G0720,6,0.0,0.0
G0720,7,0.95,0.0
G0720,8,4.05,0.0
G0720,9,9.15,0.0
G0720,10,14.3,0.0
G0720,11,18.6,0.0
G0720,12,21.45,0.0
G0720,13,22.65,0.0
G0720,14,21.8,0.0
G0720,15,21.2,0.0
G0720,16,17.5,0.0
G0720,17,14.800000000000002,0.0
G0720,18,9.95,0.0
G0720,19,5.8,0.0
G0720,20,1.9,0.0
G0720,21,0.25,0.0
G0720,22,0.0,0.0
G0720,23,0.0,0.0
G0720,24,0.0,0.0
G0722,1,0.0,0.0
G0722,2,0.0,0.0
G0722,3,0.0,0.0
G0722,4,0.0,0.0
G0722,5,0.0,0.0
G0722,6,0.0,0.0
G0722,7,0.9481000000000002,0.0
G0722,8,4.0419,0.0
G0722,9,9.1317,0.0
G0722,10,14.271400000000002,0.0
G0722,11,18.5628,0.0
G0722,12,21.4071,0.0
G0722,13,22.6047,0.0
G0722,14,21.7564,0.0
G0722,15,21.1576,0.0
G0722,16,17.465,0.0
G0722,17,14.770400000000002,0.0
G0722,18,9.9301,0.0
G0722,19,5.7884,0.0
G0722,20,1.8962000000000003,0.0
G0722,21,0.2495,0.0
G0722,22,0.0,0.0
G0722,23,0.0,0.0
G0722,24,0.0,0.0
G0724,1,0.0,0.0
G0724,2,0.0,0.0
G0724,3,0.0,0.0
G0724,4,0.0,0.0
G0724,5,0.0,0.0
G0724,6,0.0,0.0
G0724,7,0.95,0.0
G0724,8,4.05,0.0
G0724,9,9.15,0.0
G0724,10,14.3,0.0
G0724,11,18.6,0.0
G0724,12,21.45,0.0
G0724,13,22.65,0.0
G0724,14,21.8,0.0
G0724,15,21.2,0.0
G0724,16,17.5,0.0
G0724,17,14.800000000000002,0.0
G0724,18,9.95,0.0
G0724,19,5.8,0.0
G0724,20,1.9,0.0
G0724,21,0.25,0.0
G0724,22,0.0,0.0
G0724,23,0.0,0.0
G0724,24,0.0,0.0
G0725,1,0.0,0.0
G0725,2,0.0,0.0
G0725,3,0.0,0.0
G0725,4,0.0,0.0
G0725,5,0.0,0.0
G0725,6,0.0,0.0
G0725,7,0.37809999999999994,0.0
G0725,8,1.6119,0.0
G0725,9,3.6417,0.0
G0725,10,5.6914,0.0
G0725,11,7.402800000000001,0.0
G0725,12,8.5371,0.0
G0725,13,9.0147,0.0
G0725,14,8.6764,0.0
G0725,15,8.4376,0.0
G0725,16,6.965,0.0
G0725,17,5.8904,0.0
G0725,18,3.9600999999999997,0.0
G0725,19,2.3084,0.0
G0725,20,0.7561999999999999,0.0
G0725,21,0.09950000000000002,0.0
G0725,22,0.0,0.0
G0725,23,0.0,0.0
G0725,24,0.0,0.0
G0726,1,0.0,0.0
G0726,2,0.0,0.0
G0726,3,0.0,0.0
G0726,4,0.0,0.0
G0726,5,0.0,0.0
G0726,6,0.0,0.0
G0726,7,0.95,0.0
G0726,8,4.05,0.0
G0726,9,9.15,0.0
G0726,10,14.3,0.0
G0726,11,18.6,0.0
G0726,12,21.45,0.0
G0726,13,22.65,0.0
G0726,14,21.8,0.0
G0726,15,21.2,0.0
G0726,16,17.5,0.0
G0726,17,14.800000000000002,0.0
G0726,18,9.95,0.0
G0726,19,5.8,0.0
G0726,20,1.9,0.0
G0726,21,0.25,0.0
G0726,22,0.0,0.0
G0726,23,0.0,0.0
G0726,24,0.0,0.0
G0727,1,0.0,0.0
G0727,2,0.0,0.0
G0727,3,0.0,0.0
G0727,4,0.0,0.0
G0727,5,0.0,0.0
G0727,6,0.0,0.0
G0727,7,2.09,0.0
G0727,8,8.91,0.0
G0727,9,20.13,0.0
G0727,10,31.460000000000004,0.0
G0727,11,40.92,0.0
G0727,12,47.19,0.0
G0727,13,49.83,0.0
G0727,14,47.96,0.0
G0727,15,46.64,0.0
G0727,16,38.5,0.0
G0727,17,32.56,0.0
G0727,18,21.89,0.0
G0727,19,12.76,0.0
G0727,20,4.18,0.0
G0727,21,0.55,0.0
G0727,22,0.0,0.0
G0727,23,0.0,0.0
G0727,24,0.0,0.0
G0764,1,0.0,0.0
G0764,2,0.0,0.0
G0764,3,0.0,0.0
G0764,4,0.0,0.0
G0764,5,0.0,0.0
G0764,6,0.0,0.0
G0764,7,0.9481000000000002,0.0
G0764,8,4.0419,0.0
G0764,9,9.1317,0.0
G0764,10,14.271400000000002,0.0
G0764,11,18.5628,0.0
G0764,12,21.4071,0.0
G0764,13,22.6047,0.0
G0764,14,21.7564,0.0
G0764,15,21.1576,0.0
G0764,16,17.465,0.0
G0764,17,14.770400000000002,0.0
G0764,18,9.9301,0.0
G0764,19,5.7884,0.0
G0764,20,1.8962000000000003,0.0
G0764,21,0.2495,0.0
G0764,22,0.0,0.0
G0764,23,0.0,0.0
G0764,24,0.0,0.0
G0766,1,0.0,0.0
G0766,2,0.0,0.0
G0766,3,0.0,0.0
G0766,4,0.0,0.0
G0766,5,0.0,0.0
G0766,6,0.0,0.0
G0766,7,0.95,0.0
G0766,8,4.05,0.0
G0766,9,9.15,0.0
G0766,10,14.3,0.0
G0766,11,18.6,0.0
G0766,12,21.45,0.0
G0766,13,22.65,0.0
G0766,14,21.8,0.0
G0766,15,21.2,0.0
G0766,16,17.5,0.0
G0766,17,14.800000000000002,0.0
G0766,18,9.95,0.0
G0766,19,5.8,0.0
G0766,20,1.9,0.0
G0766,21,0.25,0.0
G0766,22,0.0,0.0
G0766,23,0.0,0.0
G0766,24,0.0,0.0
G0767,1,0.0,0.0
G0767,2,0.0,0.0
G0767,3,0.0,0.0
G0767,4,0.0,0.0
G0767,5,0.0,0.0
G0767,6,0.0,0.0
G0767,7,0.95,0.0
G0767,8,4.05,0.0
G0767,9,9.15,0.0
G0767,10,14.3,0.0
G0767,11,18.6,0.0
G0767,12,21.45,0.0
G0767,13,22.65,0.0
G0767,14,21.8,0.0
G0767,15,21.2,0.0
G0767,16,17.5,0.0
G0767,17,14.800000000000002,0.0
G0767,18,9.95,0.0
G0767,19,5.8,0.0
G0767,20,1.9,0.0
G0767,21,0.25,0.0
G0767,22,0.0,0.0
G0767,23,0.0,0.0
G0767,24,0.0,0.0
G0769,1,0.0,0.0
G0769,2,0.0,0.0
G0769,3,0.0,0.0
G0769,4,0.0,0.0
G0769,5,0.0,0.0
G0769,6,0.0,0.0
G0769,7,0.95,0.0
G0769,8,4.05,0.0
G0769,9,9.15,0.0
G0769,10,14.3,0.0
G0769,11,18.6,0.0
G0769,12,21.45,0.0
G0769,13,22.65,0.0
G0769,14,21.8,0.0
G0769,15,21.2,0.0
G0769,16,17.5,0.0
G0769,17,14.800000000000002,0.0
G0769,18,9.95,0.0
G0769,19,5.8,0.0
G0769,20,1.9,0.0
G0769,21,0.25,0.0
G0769,22,0.0,0.0
G0769,23,0.0,0.0
G0769,24,0.0,0.0
G0772,1,0.0,0.0
G0772,2,0.0,0.0
G0772,3,0.0,0.0
G0772,4,0.0,0.0
G0772,5,0.0,0.0
G0772,6,0.0,0.0
G0772,7,0.95,0.0
G0772,8,4.05,0.0
G0772,9,9.15,0.0
G0772,10,14.3,0.0
G0772,11,18.6,0.0
G0772,12,21.45,0.0
G0772,13,22.65,0.0
G0772,14,21.8,0.0
G0772,15,21.2,0.0
G0772,16,17.5,0.0
G0772,17,14.800000000000002,0.0
G0772,18,9.95,0.0
G0772,19,5.8,0.0
G0772,20,1.9,0.0
G0772,21,0.25,0.0
G0772,22,0.0,0.0
G0772,23,0.0,0.0
G0772,24,0.0,0.0
G0828,1,0.0,0.0
G0828,2,0.0,0.0
G0828,3,0.0,0.0
G0828,4,0.0,0.0
G0828,5,0.0,0.0
G0828,6,0.0,0.0
G0828,7,0.9481000000000002,0.0
G0828,8,4.0419,0.0
G0828,9,9.1317,0.0
G0828,10,14.271400000000002,0.0
G0828,11,18.5628,0.0
G0828,12,21.4071,0.0
G0828,13,22.6047,0.0
G0828,14,21.7564,0.0
G0828,15,21.1576,0.0
G0828,16,17.465,0.0
G0828,17,14.770400000000002,0.0
G0828,18,9.9301,0.0
G0828,19,5.7884,0.0
G0828,20,1.8962000000000003,0.0
G0828,21,0.2495,0.0
G0828,22,0.0,0.0
G0828,23,0.0,0.0
G0828,24,0.0,0.0
G0858,1,0.0,0.0
G0858,2,0.0,0.0
G0858,3,0.0,0.0
G0858,4,0.0,0.0
G0858,5,0.0,0.0
G0858,6,0.0,0.0
G0858,7,0.95,0.0
G0858,8,4.05,0.0
G0858,9,9.15,0.0
G0858,10,14.3,0.0
G0858,11,18.6,0.0
G0858,12,21.45,0.0
G0858,13,22.65,0.0
G0858,14,21.8,0.0
G0858,15,21.2,0.0
G0858,16,17.5,0.0
G0858,17,14.800000000000002,0.0
G0858,18,9.95,0.0
G0858,19,5.8,0.0
G0858,20,1.9,0.0
G0858,21,0.25,0.0
G0858,22,0.0,0.0
G0858,23,0.0,0.0
G0858,24,0.0,0.0
G0859,1,0.0,0.0
G0859,2,0.0,0.0
G0859,3,0.0,0.0
G0859,4,0.0,0.0
G0859,5,0.0,0.0
G0859,6,0.0,0.0
G0859,7,0.95,0.0
G0859,8,4.05,0.0
G0859,9,9.15,0.0
G0859,10,14.3,0.0
G0859,11,18.6,0.0
G0859,12,21.45,0.0
G0859,13,22.65,0.0
G0859,14,21.8,0.0
G0859,15,21.2,0.0
G0859,16,17.5,0.0
G0859,17,14.800000000000002,0.0
G0859,18,9.95,0.0
G0859,19,5.8,0.0
G0859,20,1.9,0.0
G0859,21,0.25,0.0
G0859,22,0.0,0.0
G0859,23,0.0,0.0
G0859,24,0.0,0.0
G0860,1,0.0,0.0
G0860,2,0.0,0.0
G0860,3,0.0,0.0
G0860,4,0.0,0.0
G0860,5,0.0,0.0
G0860,6,0.0,0.0
G0860,7,0.95,0.0
G0860,8,4.05,0.0
G0860,9,9.15,0.0
G0860,10,14.3,0.0
G0860,11,18.6,0.0
G0860,12,21.45,0.0
G0860,13,22.65,0.0
G0860,14,21.8,0.0
G0860,15,21.2,0.0
G0860,16,17.5,0.0
G0860,17,14.800000000000002,0.0
G0860,18,9.95,0.0
G0860,19,5.8,0.0
G0860,20,1.9,0.0
G0860,21,0.25,0.0
G0860,22,0.0,0.0
G0860,23,0.0,0.0
G0860,24,0.0,0.0
G0861,1,0.0,0.0
G0861,2,0.0,0.0
G0861,3,0.0,0.0
G0861,4,0.0,0.0
G0861,5,0.0,0.0
G0861,6,0.0,0.0
G0861,7,0.95,0.0
G0861,8,4.05,0.0
G0861,9,9.15,0.0
G0861,10,14.3,0.0
G0861,11,18.6,0.0
G0861,12,21.45,0.0
G0861,13,22.65,0.0
G0861,14,21.8,0.0
G0861,15,21.2,0.0
G0861,16,17.5,0.0
G0861,17,14.800000000000002,0.0
G0861,18,9.95,0.0
G0861,19,5.8,0.0
G0861,20,1.9,0.0
G0861,21,0.25,0.0
G0861,22,0.0,0.0
G0861,23,0.0,0.0
G0861,24,0.0,0.0
G0863,1,0.0,0.0
G0863,2,0.0,0.0
G0863,3,0.0,0.0
G0863,4,0.0,0.0
G0863,5,0.0,0.0
G0863,6,0.0,0.0
G0863,7,0.9481000000000002,0.0
G0863,8,4.0419,0.0
G0863,9,9.1317,0.0
G0863,10,14.271400000000002,0.0
G0863,11,18.5628,0.0
G0863,12,21.4071,0.0
G0863,13,22.6047,0.0
G0863,14,21.7564,0.0
G0863,15,21.1576,0.0
G0863,16,17.465,0.0
G0863,17,14.770400000000002,0.0
G0863,18,9.9301,0.0
G0863,19,5.7884,0.0
G0863,20,1.8962000000000003,0.0
G0863,21,0.2495,0.0
G0863,22,0.0,0.0
G0863,23,0.0,0.0
G0863,24,0.0,0.0
G0864,1,0.0,0.0
G0864,2,0.0,0.0
G0864,3,0.0,0.0
G0864,4,0.0,0.0
G0864,5,0.0,0.0
G0864,6,0.0,0.0
G0864,7,0.9481000000000002,0.0
G0864,8,4.0419,0.0
G0864,9,9.1317,0.0
G0864,10,14.271400000000002,0.0
G0864,11,18.5628,0.0
G0864,12,21.4071,0.0
G0864,13,22.6047,0.0
G0864,14,21.7564,0.0
G0864,15,21.1576,0.0
G0864,16,17.465,0.0
G0864,17,14.770400000000002,0.0
G0864,18,9.9301,0.0
G0864,19,5.7884,0.0
G0864,20,1.8962000000000003,0.0
G0864,21,0.2495,0.0
G0864,22,0.0,0.0
G0864,23,0.0,0.0
G0864,24,0.0,0.0
G0865,1,0.0,0.0
G0865,2,0.0,0.0
G0865,3,0.0,0.0
G0865,4,0.0,0.0
G0865,5,0.0,0.0
G0865,6,0.0,0.0
G0865,7,0.9481000000000002,0.0
G0865,8,4.0419,0.0
G0865,9,9.1317,0.0
G0865,10,14.271400000000002,0.0
G0865,11,18.5628,0.0
G0865,12,21.4071,0.0
G0865,13,22.6047,0.0
G0865,14,21.7564,0.0
G0865,15,21.1576,0.0
G0865,16,17.465,0.0
G0865,17,14.770400000000002,0.0
G0865,18,9.9301,0.0
G0865,19,5.7884,0.0
G0865,20,1.8962000000000003,0.0
G0865,21,0.2495,0.0
G0865,22,0.0,0.0
G0865,23,0.0,0.0
G0865,24,0.0,0.0
G0923,1,0.0,0.0
G0923,2,0.0,0.0
G0923,3,0.0,0.0
G0923,4,0.0,0.0
G0923,5,0.0,0.0
G0923,6,0.0,0.0
G0923,7,0.95,0.0
G0923,8,4.05,0.0
G0923,9,9.15,0.0
G0923,10,14.3,0.0
G0923,11,18.6,0.0
G0923,12,21.45,0.0
G0923,13,22.65,0.0
G0923,14,21.8,0.0
G0923,15,21.2,0.0
G0923,16,17.5,0.0
G0923,17,14.800000000000002,0.0
G0923,18,9.95,0.0
G0923,19,5.8,0.0
G0923,20,1.9,0.0
G0923,21,0.25,0.0
G0923,22,0.0,0.0
G0923,23,0.0,0.0
G0923,24,0.0,0.0
G0019,1,0.0,0.0
G0019,2,0.0,0.0
G0019,3,0.0,0.0
G0019,4,0.0,0.0
G0019,5,0.0,0.0
G0019,6,0.0,0.0
G0019,7,0.0,0.0
G0019,8,0.0,0.0
G0019,9,0.0,0.0
G0019,10,0.0,0.0
G0019,11,0.0,0.0
G0019,12,0.0,0.0
G0019,13,0.0,0.0
G0019,14,0.0,0.0
G0019,15,0.0,0.0
G0019,16,0.0,0.0
G0019,17,0.0,0.0
G0019,18,0.0,0.0
G0019,19,275.56813779904934,0.0
G0019,20,0.0,0.0
G0019,21,314.0,0.0
G0019,22,314.0,0.0
G0019,23,314.0,0.0
G0019,24,314.0,0.0
G0070,1,0.0,0.0
G0070,2,0.0,0.0
G0070,3,0.0,0.0
G0070,4,0.0,0.0
G0070,5,0.0,0.0
G0070,6,0.0,0.0
G0070,7,0.0,0.0
G0070,8,0.0,0.0
G0070,9,0.0,0.0
G0070,10,0.0,0.0
G0070,11,0.0,0.0
G0070,12,0.0,0.0
G0070,13,0.0,0.0
G0070,14,0.0,0.0
G0070,15,0.0,0.0
G0070,16,0.0,0.0
G0070,17,0.0,0.0
G0070,18,0.0,0.0
G0070,19,193.49475170167614,0.0
G0070,20,1229.0,0.0
G0070,21,1229.0,0.0
G0070,22,1229.0,0.0
G0070,23,1229.0,0.0
G0070,24,1229.0,0.0
G0095,1,0.0,0.0
G0095,2,0.0,0.0
G0095,3,0.0,0.0
G0095,4,0.0,0.0
G0095,5,0.0,0.0
G0095,6,0.0,0.0
G0095,7,0.0,0.0
G0095,8,0.0,0.0
G0095,9,0.0,0.0
G0095,10,0.0,0.0
G0095,11,0.0,0.0
G0095,12,0.0,0.0
G0095,13,0.0,0.0
G0095,14,0.0,0.0
G0095,15,0.0,0.0
G0095,16,0.0,0.0
G0095,17,0.0,0.0
G0095,18,0.0,0.0
G0095,19,0.0,0.0
G0095,20,0.0,0.0
G0095,21,378.0,0.0
G0095,22,378.0,0.0
G0095,23,378.0,0.0
G0095,24,378.0,0.0
G0104,1,0.0,0.0
G0104,2,0.0,0.0
G0104,3,0.0,0.0
G0104,4,0.0,0.0
G0104,5,0.0,0.0
G0104,6,0.0,0.0
G0104,7,0.0,0.0
G0104,8,0.0,0.0
G0104,9,0.0,0.0
G0104,10,0.0,0.0
G0104,11,0.0,0.0
G0104,12,0.0,0.0
G0104,13,0.0,0.0
G0104,14,0.0,0.0
G0104,15,0.0,0.0
G0104,16,0.0,0.0
G0104,17,0.0,0.0
G0104,18,0.0,0.0
G0104,19,0.0,0.0
G0104,20,572.0,0.0
G0104,21,572.0,0.0
G0104,22,572.0,0.0
G0104,23,572.0,0.0
G0104,24,572.0,0.0
G0155,1,0.0,0.0
G0155,2,0.0,0.0
G0155,3,0.0,0.0
G0155,4,0.0,0.0
G0155,5,0.0,0.0
G0155,6,0.0,0.0
G0155,7,0.0,0.0
G0155,8,0.0,0.0
G0155,9,0.0,0.0
G0155,10,0.0,0.0
G0155,11,0.0,0.0
G0155,12,0.0,0.0
G0155,13,0.0,0.0
G0155,14,0.0,0.0
G0155,15,0.0,0.0
G0155,16,0.0,0.0
G0155,17,0.0,0.0
G0155,18,0.0,0.0
G0155,19,0.0,0.0
G0155,20,0.0,0.0
G0155,21,1338.0,0.0
G0155,22,1338.0,0.0
G0155,23,1338.0,0.0
G0155,24,1338.0,0.0
G0162,1,0.0,0.0
G0162,2,0.0,0.0
G0162,3,0.0,0.0
G0162,4,0.0,0.0
G0162,5,0.0,0.0
G0162,6,0.0,0.0
G0162,7,0.0,0.0
G0162,8,0.0,0.0
G0162,9,0.0,0.0
G0162,10,0.0,0.0
G0162,11,0.0,0.0
G0162,12,0.0,0.0
G0162,13,0.0,0.0
G0162,14,0.0,0.0
G0162,15,0.0,0.0
G0162,16,0.0,0.0
G0162,17,0.0,0.0
G0162,18,0.0,0.0
G0162,19,0.0,0.0
G0162,20,0.0,0.0
G0162,21,657.0,0.0
G0162,22,657.0,0.0
G0162,23,657.0,0.0
G0162,24,657.0,0.0
G0281,1,0.0,0.0
G0281,2,0.0,0.0
G0281,3,0.0,0.0
G0281,4,0.0,0.0
G0281,5,0.0,0.0
G0281,6,0.0,0.0
G0281,7,0.0,0.0
G0281,8,0.0,0.0
G0281,9,0.0,0.0
G0281,10,0.0,0.0
G0281,11,0.0,0.0
G0281,12,0.0,0.0
G0281,13,0.0,0.0
G0281,14,0.0,0.0
G0281,15,0.0,0.0
G0281,16,0.0,0.0
G0281,17,0.0,0.0
G0281,18,61.304258485420114,0.0
G0281,19,0.0,0.0
G0281,20,963.0,0.0
G0281,21,963.0,0.0
G0281,22,963.0,0.0
G0281,23,963.0,0.0
G0281,24,963.0,0.0
G0302,1,0.0,0.0
G0302,2,0.0,0.0
G0302,3,0.0,0.0
G0302,4,0.0,0.0
G0302,5,0.0,0.0
G0302,6,0.0,0.0
G0302,7,0.0,0.0
G0302,8,0.0,0.0
G0302,9,0.0,0.0
G0302,10,0.0,0.0
G0302,11,0.0,0.0
G0302,12,0.0,0.0
G0302,13,0.0,0.0
G0302,14,0.0,0.0
G0302,15,0.0,0.0
G0302,16,0.0,0.0
G0302,17,0.0,0.0
G0302,18,0.0,0.0
G0302,19,0.0,0.0
G0302,20,166.91182399999988,0.0
G0302,21,334.0,0.0
G0302,22,334.0,0.0
G0302,23,334.0,0.0
G0302,24,334.0,0.0
G0323,1,0.0,0.0
G0323,2,0.0,0.0
G0323,3,0.0,0.0
G0323,4,0.0,0.0
G0323,5,0.0,0.0
G0323,6,0.0,0.0
G0323,7,0.0,0.0
G0323,8,0.0,0.0
G0323,9,0.0,0.0
G0323,10,0.0,0.0
G0323,11,0.0,0.0
G0323,12,0.0,0.0
G0323,13,0.0,0.0
G0323,14,0.0,0.0
G0323,15,0.0,0.0
G0323,16,0.0,0.0
G0323,17,0.0,0.0
G0323,18,0.0,0.0
G0323,19,0.0,0.0
G0323,20,0.0,0.0
G0323,21,200.0,0.0
G0323,22,200.0,0.0
G0323,23,200.0,0.0
G0323,24,200.0,0.0
G0563,1,0.0,0.0
G0563,2,0.0,0.0
G0563,3,0.0,0.0
G0563,4,0.0,0.0
G0563,5,0.0,0.0
G0563,6,0.0,0.0
G0563,7,0.0,0.0
G0563,8,0.0,0.0
G0563,9,0.0,0.0
G0563,10,0.0,0.0
G0563,11,0.0,0.0
G0563,12,0.0,0.0
G0563,13,0.0,0.0
G0563,14,0.0,0.0
G0563,15,0.0,0.0
G0563,16,0.0,0.0
G0563,17,0.0,0.0
G0563,18,0.0,0.0
G0563,19,187.0,0.0
G0563,20,187.0,0.0
G0563,21,187.0,0.0
G0563,22,187.0,0.0
G0563,23,187.0,0.0
G0563,24,187.0,0.0
G0656,1,0.0,0.0
G0656,2,0.0,0.0
G0656,3,0.0,0.0
G0656,4,0.0,0.0
G0656,5,0.0,0.0
G0656,6,0.0,0.0
G0656,7,0.0,0.0
G0656,8,0.0,0.0
G0656,9,0.0,0.0
G0656,10,0.0,0.0
G0656,11,0.0,0.0
G0656,12,0.0,0.0
G0656,13,0.0,0.0
G0656,14,0.0,0.0
G0656,15,0.0,0.0
G0656,16,0.0,0.0
G0656,17,0.0,0.0
G0656,18,0.0,0.0
G0656,19,667.0,0.0
G0656,20,667.0,0.0
G0656,21,667.0,0.0
G0656,22,667.0,0.0
G0656,23,667.0,0.0
G0656,24,667.0,0.0
G0657,1,179.1507143969788,0.0
G0657,2,0.0,0.0
G0657,3,0.0,0.0
G0657,4,0.0,0.0
G0657,5,0.0,0.0
G0657,6,0.0,0.0
G0657,7,0.0,0.0
G0657,8,0.0,0.0
G0657,9,0.0,0.0
G0657,10,0.0,0.0
G0657,11,0.0,0.0
G0657,12,0.0,0.0
G0657,13,0.0,0.0
G0657,14,0.0,0.0
G0657,15,0.0,0.0
G0657,16,0.0,0.0
G0657,17,0.0,0.0
G0657,18,0.0,0.0
G0657,19,332.0,0.0
G0657,20,23.295489806980925,0.0
G0657,21,332.0,0.0
G0657,22,332.0,0.0
G0657,23,332.0,0.0
G0657,24,332.0,0.0
G0705,1,0.0,0.0
G0705,2,0.0,0.0
G0705,3,0.0,0.0
G0705,4,0.0,0.0
G0705,5,50.03587016559187,0.0
G0705,6,0.0,0.0
G0705,7,0.0,0.0
G0705,8,0.0,0.0
G0705,9,0.0,0.0
G0705,10,0.0,0.0
G0705,11,0.0,0.0
G0705,12,0.0,0.0
G0705,13,0.0,0.0
G0705,14,0.0,0.0
G0705,15,0.0,0.0
G0705,16,0.0,0.0
G0705,17,0.0,0.0
G0705,18,0.0,0.0
G0705,19,132.953184,0.0
G0705,20,133.0,0.0
G0705,21,133.0,0.0
G0705,22,133.0,0.0
G0705,23,133.0,0.0
G0705,24,133.0,0.0
G0740,1,0.0,0.0
G0740,2,0.0,0.0
G0740,3,0.0,0.0
G0740,4,0.0,0.0
G0740,5,0.0,0.0
G0740,6,0.0,0.0
G0740,7,0.0,0.0
G0740,8,0.0,0.0
G0740,9,0.0,0.0
G0740,10,0.0,0.0
G0740,11,0.0,0.0
G0740,12,0.0,0.0
G0740,13,0.0,0.0
G0740,14,0.0,0.0
G0740,15,0.0,0.0
G0740,16,0.0,0.0
G0740,17,0.0,0.0
G0740,18,0.0,0.0
G0740,19,0.0,0.0
G0740,20,226.25271376815826,0.0
G0740,21,326.0,0.0
G0740,22,326.0,0.0
G0740,23,326.0,0.0
G0740,24,326.0,0.0
G0853,1,0.0,0.0
G0853,2,0.0,0.0
G0853,3,0.0,0.0
G0853,4,0.0,0.0
G0853,5,0.0,0.0
G0853,6,0.0,0.0
G0853,7,0.0,0.0
G0853,8,0.0,0.0
G0853,9,0.0,0.0
G0853,10,0.0,0.0
G0853,11,0.0,0.0
G0853,12,0.0,0.0
G0853,13,0.0,0.0
G0853,14,0.0,0.0
G0853,15,0.0,0.0
G0853,16,0.0,0.0
G0853,17,0.0,0.0
G0853,18,0.0,0.0
G0853,19,0.0,0.0
G0853,20,0.0,0.0
G0853,21,546.0,0.0
G0853,22,546.0,0.0
G0853,23,546.0,0.0
G0853,24,546.0,0.0
G0021,1,158.0,0.0
G0021,2,158.0,0.0
G0021,3,0.0,0.0
G0021,4,0.0,0.0
G0021,5,158.0,0.0
G0021,6,156.69523220080657,0.0
G0021,7,0.0,0.0
G0021,8,0.0,0.0
G0021,9,0.0,0.0
G0021,10,0.0,0.0
G0021,11,0.0,0.0
G0021,12,0.0,0.0
G0021,13,0.0,0.0
G0021,14,0.0,0.0
G0021,15,0.0,0.0
G0021,16,0.0,0.0
G0021,17,0.0,0.0
G0021,18,0.0,0.0
G0021,19,0.0,0.0
G0021,20,0.0,0.0
G0021,21,0.0,0.0
G0021,22,158.0,0.0
G0021,23,0.0,0.0
G0021,24,158.0,0.0
G0029,1,265.0,0.0
G0029,2,265.0,0.0
G0029,3,0.0,0.0
G0029,4,0.0,0.0
G0029,5,0.0,0.0
G0029,6,0.0,0.0
G0029,7,0.0,0.0
G0029,8,0.0,0.0
G0029,9,0.0,0.0
G0029,10,0.0,0.0
G0029,11,0.0,0.0
G0029,12,0.0,0.0
G0029,13,0.0,0.0
G0029,14,0.0,0.0
G0029,15,0.0,0.0
G0029,16,0.0,0.0
G0029,17,0.0,0.0
G0029,18,0.0,0.0
G0029,19,0.0,0.0
G0029,20,0.0,0.0
G0029,21,0.0,0.0
G0029,22,0.0,0.0
G0029,23,0.0,0.0
G0029,24,0.0,0.0
G0030,1,0.0,0.0
G0030,2,234.0,0.0
G0030,3,0.0,0.0
G0030,4,0.0,0.0
G0030,5,0.0,0.0
G0030,6,0.0,0.0
G0030,7,0.0,0.0
G0030,8,0.0,0.0
G0030,9,0.0,0.0
G0030,10,0.0,0.0
G0030,11,0.0,0.0
G0030,12,0.0,0.0
G0030,13,0.0,0.0
G0030,14,0.0,0.0
G0030,15,0.0,0.0
G0030,16,0.0,0.0
G0030,17,0.0,0.0
G0030,18,0.0,0.0
G0030,19,0.0,0.0
G0030,20,0.0,0.0
G0030,21,0.0,0.0
G0030,22,0.0,0.0
G0030,23,0.0,0.0
G0030,24,0.0,0.0
G0031,1,0.0,0.0
G0031,2,0.0,0.0
G0031,3,0.0,0.0
G0031,4,0.0,0.0
G0031,5,0.0,0.0
G0031,6,0.0,0.0
G0031,7,0.0,0.0
G0031,8,0.0,0.0
G0031,9,0.0,0.0
G0031,10,0.0,0.0
G0031,11,0.0,0.0
G0031,12,0.0,0.0
G0031,13,0.0,0.0
G0031,14,0.0,0.0
G0031,15,0.0,0.0
G0031,16,0.0,0.0
G0031,17,0.0,0.0
G0031,18,0.0,0.0
G0031,19,0.0,0.0
G0031,20,0.0,0.0
G0031,21,0.0,0.0
G0031,22,0.0,0.0
G0031,23,0.0,0.0
G0031,24,0.0,0.0
G0057,1,758.0,0.0
G0057,2,0.0,0.0
G0057,3,113.48094355453713,0.0
G0057,4,0.0,0.0
G0057,5,0.0,0.0
G0057,6,0.0,0.0
G0057,7,0.0,0.0
G0057,8,0.0,0.0
G0057,9,0.0,0.0
G0057,10,0.0,0.0
G0057,11,0.0,0.0
G0057,12,0.0,0.0
G0057,13,0.0,0.0
G0057,14,0.0,0.0
G0057,15,0.0,0.0
G0057,16,0.0,0.0
G0057,17,0.0,0.0
G0057,18,0.0,0.0
G0057,19,0.0,0.0
G0057,20,0.0,0.0
G0057,21,0.0,0.0
G0057,22,0.0,0.0
G0057,23,0.0,0.0
G0057,24,0.0,0.0
G0064,1,0.0,0.0
G0064,2,331.0,0.0
G0064,3,0.0,0.0
G0064,4,0.0,0.0
G0064,5,0.0,0.0
G0064,6,0.0,0.0
G0064,7,0.0,0.0
G0064,8,0.0,0.0
G0064,9,0.0,0.0
G0064,10,0.0,0.0
G0064,11,0.0,0.0
G0064,12,0.0,0.0
G0064,13,0.0,0.0
G0064,14,0.0,0.0
G0064,15,0.0,0.0
G0064,16,0.0,0.0
G0064,17,0.0,0.0
G0064,18,0.0,0.0
G0064,19,0.0,0.0
G0064,20,0.0,0.0
G0064,21,0.0,0.0
G0064,22,0.0,0.0
G0064,23,0.0,0.0
G0064,24,0.0,0.0
G0094,1,200.0,0.0
G0094,2,0.0,0.0
G0094,3,0.0,0.0
G0094,4,0.0,0.0
G0094,5,0.0,0.0
G0094,6,0.0,0.0
G0094,7,0.0,0.0
G0094,8,0.0,0.0
G0094,9,0.0,0.0
G0094,10,0.0,0.0
G0094,11,0.0,0.0
G0094,12,0.0,0.0
G0094,13,0.0,0.0
G0094,14,0.0,0.0
G0094,15,0.0,0.0
G0094,16,0.0,0.0
G0094,17,0.0,0.0
G0094,18,0.0,0.0
G0094,19,0.0,0.0
G0094,20,0.0,0.0
G0094,21,0.0,0.0
G0094,22,0.0,0.0
G0094,23,0.0,0.0
G0094,24,0.0,0.0
G0135,1,0.0,0.0
G0135,2,341.0,0.0
G0135,3,0.0,0.0
G0135,4,0.0,0.0
G0135,5,0.0,0.0
G0135,6,0.0,0.0
G0135,7,0.0,0.0
G0135,8,0.0,0.0
G0135,9,0.0,0.0
G0135,10,0.0,0.0
G0135,11,0.0,0.0
G0135,12,0.0,0.0
G0135,13,0.0,0.0
G0135,14,0.0,0.0
G0135,15,0.0,0.0
G0135,16,0.0,0.0
G0135,17,0.0,0.0
G0135,18,0.0,0.0
G0135,19,0.0,0.0
G0135,20,0.0,0.0
G0135,21,0.0,0.0
G0135,22,0.0,0.0
G0135,23,0.0,0.0
G0135,24,0.0,0.0
G0156,1,185.0,0.0
G0156,2,185.0,0.0
G0156,3,0.0,0.0
G0156,4,185.0,0.0
G0156,5,0.0,0.0
G0156,6,0.0,0.0
G0156,7,0.0,0.0
G0156,8,0.0,0.0
G0156,9,0.0,0.0
G0156,10,0.0,0.0
G0156,11,0.0,0.0
G0156,12,0.0,0.0
G0156,13,0.0,0.0
G0156,14,0.0,0.0
G0156,15,0.0,0.0
G0156,16,0.0,0.0
G0156,17,0.0,0.0
G0156,18,0.0,0.0
G0156,19,0.0,0.0
G0156,20,0.0,0.0
G0156,21,0.0,0.0
G0156,22,0.0,0.0
G0156,23,185.0,0.0
G0156,24,0.0,0.0
G0158,1,185.0,0.0
G0158,2,185.0,0.0
G0158,3,0.0,0.0
G0158,4,0.0,0.0
G0158,5,0.0,0.0
G0158,6,185.0,0.0
G0158,7,0.0,0.0
G0158,8,0.0,0.0
G0158,9,0.0,0.0
G0158,10,0.0,0.0
G0158,11,0.0,0.0
G0158,12,0.0,0.0
G0158,13,0.0,0.0
G0158,14,0.0,0.0
G0158,15,0.0,0.0
G0158,16,0.0,0.0
G0158,17,0.0,0.0
G0158,18,0.0,0.0
G0158,19,0.0,0.0
G0158,20,0.0,0.0
G0158,21,0.0,0.0
G0158,22,185.0,0.0
G0158,23,185.0,0.0
G0158,24,0.0,0.0
G0161,1,0.0,0.0
G0161,2,0.0,0.0
G0161,3,1229.0,0.0
G0161,4,0.0,0.0
G0161,5,0.0,0.0
G0161,6,0.0,0.0
G0161,7,0.0,0.0
G0161,8,0.0,0.0
G0161,9,0.0,0.0
G0161,10,0.0,0.0
G0161,11,0.0,0.0
G0161,12,0.0,0.0
G0161,13,0.0,0.0
G0161,14,0.0,0.0
G0161,15,0.0,0.0
G0161,16,0.0,0.0
G0161,17,0.0,0.0
G0161,18,0.0,0.0
G0161,19,0.0,0.0
G0161,20,0.0,0.0
G0161,21,0.0,0.0
G0161,22,0.0,0.0
G0161,23,0.0,0.0
G0161,24,0.0,0.0
G0214,1,194.0,0.0
G0214,2,194.0,0.0
G0214,3,0.0,0.0
G0214,4,0.0,0.0
G0214,5,0.0,0.0
G0214,6,0.0,0.0
G0214,7,0.0,0.0
G0214,8,0.0,0.0
G0214,9,0.0,0.0
G0214,10,0.0,0.0
G0214,11,0.0,0.0
G0214,12,0.0,0.0
G0214,13,0.0,0.0
G0214,14,0.0,0.0
G0214,15,0.0,0.0
G0214,16,0.0,0.0
G0214,17,0.0,0.0
G0214,18,0.0,0.0
G0214,19,0.0,0.0
G0214,20,0.0,0.0
G0214,21,0.0,0.0
G0214,22,0.0,0.0
G0214,23,194.0,0.0
G0214,24,0.0,0.0
G0221,1,285.0,0.0
G0221,2,285.0,0.0
G0221,3,0.0,0.0
G0221,4,0.0,0.0
G0221,5,0.0,0.0
G0221,6,0.0,0.0
G0221,7,0.0,0.0
G0221,8,0.0,0.0
G0221,9,0.0,0.0
G0221,10,0.0,0.0
G0221,11,0.0,0.0
G0221,12,0.0,0.0
G0221,13,0.0,0.0
G0221,14,0.0,0.0
G0221,15,0.0,0.0
G0221,16,0.0,0.0
G0221,17,0.0,0.0
G0221,18,0.0,0.0
G0221,19,0.0,0.0
G0221,20,0.0,0.0
G0221,21,0.0,0.0
G0221,22,0.0,0.0
G0221,23,0.0,0.0
G0221,24,0.0,0.0
G0222,1,0.0,0.0
G0222,2,0.0,0.0
G0222,3,399.0,0.0
G0222,4,0.0,0.0
G0222,5,0.0,0.0
G0222,6,0.0,0.0
G0222,7,0.0,0.0
G0222,8,0.0,0.0
G0222,9,0.0,0.0
G0222,10,0.0,0.0
G0222,11,0.0,0.0
G0222,12,0.0,0.0
G0222,13,0.0,0.0
G0222,14,0.0,0.0
G0222,15,0.0,0.0
G0222,16,0.0,0.0
G0222,17,0.0,0.0
G0222,18,0.0,0.0
G0222,19,0.0,0.0
G0222,20,0.0,0.0
G0222,21,0.0,0.0
G0222,22,0.0,0.0
G0222,23,0.0,0.0
G0222,24,0.0,0.0
G0224,1,115.0,0.0
G0224,2,0.0,0.0
G0224,3,0.0,0.0
G0224,4,0.0,0.0
G0224,5,0.0,0.0
G0224,6,0.0,0.0
G0224,7,0.0,0.0
G0224,8,0.0,0.0
G0224,9,0.0,0.0
G0224,10,0.0,0.0
G0224,11,0.0,0.0
G0224,12,0.0,0.0
G0224,13,0.0,0.0
G0224,14,0.0,0.0
G0224,15,0.0,0.0
G0224,16,0.0,0.0
G0224,17,0.0,0.0
G0224,18,0.0,0.0
G0224,19,0.0,0.0
G0224,20,0.0,0.0
G0224,21,0.0,0.0
G0224,22,0.0,0.0
G0224,23,115.0,0.0
G0224,24,115.0,0.0
G0226,1,132.0,0.0
G0226,2,132.0,0.0
G0226,3,0.0,0.0
G0226,4,0.0,0.0
G0226,5,0.0,0.0
G0226,6,0.0,0.0
G0226,7,0.0,0.0
G0226,8,0.0,0.0
G0226,9,0.0,0.0
G0226,10,0.0,0.0
G0226,11,0.0,0.0
G0226,12,0.0,0.0
G0226,13,0.0,0.0
G0226,14,0.0,0.0
G0226,15,0.0,0.0
G0226,16,0.0,0.0
G0226,17,0.0,0.0
G0226,18,0.0,0.0
G0226,19,0.0,0.0
G0226,20,0.0,0.0
G0226,21,0.0,0.0
G0226,22,132.0,0.0
G0226,23,132.0,0.0
G0226,24,132.0,0.0
G0232,1,408.0,0.0
G0232,2,0.0,0.0
G0232,3,0.0,0.0
G0232,4,0.0,0.0
G0232,5,0.0,0.0
G0232,6,0.0,0.0
G0232,7,0.0,0.0
G0232,8,0.0,0.0
G0232,9,0.0,0.0
G0232,10,0.0,0.0
G0232,11,0.0,0.0
G0232,12,0.0,0.0
G0232,13,0.0,0.0
G0232,14,0.0,0.0
G0232,15,0.0,0.0
G0232,16,0.0,0.0
G0232,17,0.0,0.0
G0232,18,0.0,0.0
G0232,19,0.0,0.0
G0232,20,0.0,0.0
G0232,21,0.0,0.0
G0232,22,0.0,0.0
G0232,23,0.0,0.0
G0232,24,0.0,0.0
G0233,1,381.0,0.0
G0233,2,0.0,0.0
G0233,3,0.0,0.0
G0233,4,0.0,0.0
G0233,5,0.0,0.0
G0233,6,0.0,0.0
G0233,7,0.0,0.0
G0233,8,0.0,0.0
G0233,9,0.0,0.0
G0233,10,0.0,0.0
G0233,11,0.0,0.0
G0233,12,0.0,0.0
G0233,13,0.0,0.0
G0233,14,0.0,0.0
G0233,15,0.0,0.0
G0233,16,0.0,0.0
G0233,17,0.0,0.0
G0233,18,0.0,0.0
G0233,19,0.0,0.0
G0233,20,0.0,0.0
G0233,21,0.0,0.0
G0233,22,0.0,0.0
G0233,23,0.0,0.0
G0233,24,0.0,0.0
G0280,1,0.0,0.0
G0280,2,0.0,0.0
G0280,3,0.0,0.0
G0280,4,373.0,0.0
G0280,5,0.0,0.0
G0280,6,0.0,0.0
G0280,7,0.0,0.0
G0280,8,0.0,0.0
G0280,9,0.0,0.0
G0280,10,0.0,0.0
G0280,11,0.0,0.0
G0280,12,0.0,0.0
G0280,13,0.0,0.0
G0280,14,0.0,0.0
G0280,15,0.0,0.0
G0280,16,0.0,0.0
G0280,17,0.0,0.0
G0280,18,0.0,0.0
G0280,19,0.0,0.0
G0280,20,0.0,0.0
G0280,21,0.0,0.0
G0280,22,0.0,0.0
G0280,23,0.0,0.0
G0280,24,0.0,0.0
G0289,1,400.0,0.0
G0289,2,0.0,0.0
G0289,3,0.0,0.0
G0289,4,0.0,0.0
G0289,5,0.0,0.0
G0289,6,0.0,0.0
G0289,7,0.0,0.0
G0289,8,0.0,0.0
G0289,9,0.0,0.0
G0289,10,0.0,0.0
G0289,11,0.0,0.0
G0289,12,0.0,0.0
G0289,13,0.0,0.0
G0289,14,0.0,0.0
G0289,15,0.0,0.0
G0289,16,0.0,0.0
G0289,17,0.0,0.0
G0289,18,0.0,0.0
G0289,19,0.0,0.0
G0289,20,0.0,0.0
G0289,21,0.0,0.0
G0289,22,0.0,0.0
G0289,23,0.0,0.0
G0289,24,0.0,0.0
G0293,1,182.31068168111918,0.0
G0293,2,0.0,0.0
G0293,3,488.0,0.0
G0293,4,0.0,0.0
G0293,5,0.0,0.0
G0293,6,0.0,0.0
G0293,7,0.0,0.0
G0293,8,0.0,0.0
G0293,9,0.0,0.0
G0293,10,0.0,0.0
G0293,11,0.0,0.0
G0293,12,0.0,0.0
G0293,13,0.0,0.0
G0293,14,0.0,0.0
G0293,15,0.0,0.0
G0293,16,0.0,0.0
G0293,17,0.0,0.0
G0293,18,0.0,0.0
G0293,19,0.0,0.0
G0293,20,0.0,0.0
G0293,21,0.0,0.0
G0293,22,0.0,0.0
G0293,23,0.0,0.0
G0293,24,0.0,0.0
G0342,1,162.0,0.0
G0342,2,162.0,0.0
G0342,3,0.0,0.0
G0342,4,0.0,0.0
G0342,5,0.0,0.0
G0342,6,0.0,0.0
G0342,7,0.0,0.0
G0342,8,0.0,0.0
G0342,9,0.0,0.0
G0342,10,0.0,0.0
G0342,11,0.0,0.0
G0342,12,0.0,0.0
G0342,13,0.0,0.0
G0342,14,0.0,0.0
G0342,15,0.0,0.0
G0342,16,0.0,0.0
G0342,17,0.0,0.0
G0342,18,0.0,0.0
G0342,19,0.0,0.0
G0342,20,0.0,0.0
G0342,21,0.0,0.0
G0342,22,162.0,0.0
G0342,23,162.0,0.0
G0342,24,162.0,0.0
G0369,1,273.0,0.0
G0369,2,273.0,0.0
G0369,3,273.0,0.0
G0369,4,233.71589399277286,0.0
G0369,5,0.0,0.0
G0369,6,0.0,0.0
G0369,7,0.0,0.0
G0369,8,0.0,0.0
G0369,9,0.0,0.0
G0369,10,0.0,0.0
G0369,11,0.0,0.0
G0369,12,0.0,0.0
G0369,13,0.0,0.0
G0369,14,0.0,0.0
G0369,15,0.0,0.0
G0369,16,0.0,0.0
G0369,17,0.0,0.0
G0369,18,0.0,0.0
G0369,19,0.0,0.0
G0369,20,0.0,0.0
G0369,21,0.0,0.0
G0369,22,0.0,0.0
G0369,23,273.0,0.0
G0369,24,0.0,0.0
G0398,1,117.0,0.0
G0398,2,117.0,0.0
G0398,3,0.0,0.0
G0398,4,117.0,0.0
G0398,5,0.0,0.0
G0398,6,0.0,0.0
G0398,7,0.0,0.0
G0398,8,0.0,0.0
G0398,9,0.0,0.0
G0398,10,0.0,0.0
G0398,11,0.0,0.0
G0398,12,0.0,0.0
G0398,13,0.0,0.0
G0398,14,0.0,0.0
G0398,15,0.0,0.0
G0398,16,0.0,0.0
G0398,17,0.0,0.0
G0398,18,0.0,0.0
G0398,19,0.0,0.0
G0398,20,0.0,0.0
G0398,21,0.0,0.0
G0398,22,0.0,0.0
G0398,23,117.0,0.0
G0398,24,117.0,0.0
G0437,1,478.0,0.0
G0437,2,478.0,0.0
G0437,3,0.0,0.0
G0437,4,0.0,0.0
G0437,5,478.0,0.0
G0437,6,0.0,0.0
G0437,7,0.0,0.0
G0437,8,0.0,0.0
G0437,9,0.0,0.0
G0437,10,0.0,0.0
G0437,11,0.0,0.0
G0437,12,0.0,0.0
G0437,13,0.0,0.0
G0437,14,0.0,0.0
G0437,15,0.0,0.0
G0437,16,0.0,0.0
G0437,17,0.0,0.0
G0437,18,0.0,0.0
G0437,19,0.0,0.0
G0437,20,0.0,0.0
G0437,21,0.0,0.0
G0437,22,0.0,0.0
G0437,23,0.0,0.0
G0437,24,0.0,0.0
G0444,1,243.0,0.0
G0444,2,243.0,0.0
G0444,3,0.0,0.0
G0444,4,0.0,0.0
G0444,5,160.58474926240945,0.0
G0444,6,0.0,0.0
G0444,7,0.0,0.0
G0444,8,0.0,0.0
G0444,9,0.0,0.0
G0444,10,0.0,0.0
G0444,11,0.0,0.0
G0444,12,0.0,0.0
G0444,13,0.0,0.0
G0444,14,0.0,0.0
G0444,15,0.0,0.0
G0444,16,0.0,0.0
G0444,17,0.0,0.0
G0444,18,0.0,0.0
G0444,19,0.0,0.0
G0444,20,0.0,0.0
G0444,21,0.0,0.0
G0444,22,0.0,0.0
G0444,23,243.0,0.0
G0444,24,0.0,0.0
G0458,1,129.0,0.0
G0458,2,129.0,0.0
G0458,3,0.0,0.0
G0458,4,0.0,0.0
G0458,5,0.0,0.0
G0458,6,0.0,0.0
G0458,7,0.0,0.0
G0458,8,0.0,0.0
G0458,9,0.0,0.0
G0458,10,0.0,0.0
G0458,11,0.0,0.0
G0458,12,0.0,0.0
G0458,13,0.0,0.0
G0458,14,0.0,0.0
G0458,15,0.0,0.0
G0458,16,0.0,0.0
G0458,17,0.0,0.0
G0458,18,0.0,0.0
G0458,19,0.0,0.0
G0458,20,0.0,0.0
G0458,21,0.0,0.0
G0458,22,0.0,0.0
G0458,23,113.81474536339738,0.0
G0458,24,129.0,0.0
G0594,1,275.0,0.0
G0594,2,275.0,0.0
G0594,3,0.0,0.0
G0594,4,275.0,0.0
G0594,5,0.0,0.0
G0594,6,275.0,0.0
G0594,7,0.0,0.0
G0594,8,0.0,0.0
G0594,9,0.0,0.0
G0594,10,0.0,0.0
G0594,11,0.0,0.0
G0594,12,0.0,0.0
G0594,13,0.0,0.0
G0594,14,0.0,0.0
G0594,15,0.0,0.0
G0594,16,0.0,0.0
G0594,17,0.0,0.0
G0594,18,0.0,0.0
G0594,19,0.0,0.0
G0594,20,0.0,0.0
G0594,21,275.0,0.0
G0594,22,0.0,0.0
G0594,23,275.0,0.0
G0594,24,0.0,0.0
G0602,1,171.0,0.0
G0602,2,171.0,0.0
G0602,3,0.0,0.0
G0602,4,171.0,0.0
G0602,5,0.0,0.0
G0602,6,0.0,0.0
G0602,7,0.0,0.0
G0602,8,0.0,0.0
G0602,9,0.0,0.0
G0602,10,0.0,0.0
G0602,11,0.0,0.0
G0602,12,0.0,0.0
G0602,13,0.0,0.0
G0602,14,0.0,0.0
G0602,15,0.0,0.0
G0602,16,0.0,0.0
G0602,17,0.0,0.0
G0602,18,0.0,0.0
G0602,19,0.0,0.0
G0602,20,0.0,0.0
G0602,21,0.0,0.0
G0602,22,0.0,0.0
G0602,23,171.0,0.0
G0602,24,0.0,0.0
G0637,1,167.0,0.0
G0637,2,28.080235545608048,0.0
G0637,3,0.0,0.0
G0637,4,0.0,0.0
G0637,5,0.0,0.0
G0637,6,0.0,0.0
G0637,7,0.0,0.0
G0637,8,0.0,0.0
G0637,9,0.0,0.0
G0637,10,0.0,0.0
G0637,11,0.0,0.0
G0637,12,0.0,0.0
G0637,13,0.0,0.0
G0637,14,0.0,0.0
G0637,15,0.0,0.0
G0637,16,0.0,0.0
G0637,17,0.0,0.0
G0637,18,0.0,0.0
G0637,19,0.0,0.0
G0637,20,0.0,0.0
G0637,21,0.0,0.0
G0637,22,0.0,0.0
G0637,23,0.0,0.0
G0637,24,52.52148105080778,0.0
G0651,1,135.0,0.0
G0651,2,0.0,0.0
G0651,3,0.0,0.0
G0651,4,0.0,0.0
G0651,5,0.0,0.0
G0651,6,0.0,0.0
G0651,7,0.0,0.0
G0651,8,0.0,0.0
G0651,9,0.0,0.0
G0651,10,0.0,0.0
G0651,11,0.0,0.0
G0651,12,0.0,0.0
G0651,13,0.0,0.0
G0651,14,0.0,0.0
G0651,15,0.0,0.0
G0651,16,0.0,0.0
G0651,17,0.0,0.0
G0651,18,0.0,0.0
G0651,19,0.0,0.0
G0651,20,0.0,0.0
G0651,21,0.0,0.0
G0651,22,0.0,0.0
G0651,23,135.0,0.0
G0651,24,135.0,0.0
G0674,1,123.0,0.0
G0674,2,123.0,0.0
G0674,3,0.0,0.0
G0674,4,123.0,0.0
G0674,5,0.0,0.0
G0674,6,0.0,0.0
G0674,7,0.0,0.0
G0674,8,0.0,0.0
G0674,9,0.0,0.0
G0674,10,0.0,0.0
G0674,11,0.0,0.0
G0674,12,0.0,0.0
G0674,13,0.0,0.0
G0674,14,0.0,0.0
G0674,15,0.0,0.0
G0674,16,0.0,0.0
G0674,17,0.0,0.0
G0674,18,0.0,0.0
G0674,19,0.0,0.0
G0674,20,0.0,0.0
G0674,21,0.0,0.0
G0674,22,0.0,0.0
G0674,23,123.0,0.0
G0674,24,123.0,0.0
G0706,1,181.0,0.0
G0706,2,181.0,0.0
G0706,3,0.0,0.0
G0706,4,0.0,0.0
G0706,5,0.0,0.0
G0706,6,0.0,0.0
G0706,7,0.0,0.0
G0706,8,0.0,0.0
G0706,9,0.0,0.0
G0706,10,0.0,0.0
G0706,11,0.0,0.0
G0706,12,0.0,0.0
G0706,13,0.0,0.0
G0706,14,0.0,0.0
G0706,15,0.0,0.0
G0706,16,0.0,0.0
G0706,17,0.0,0.0
G0706,18,0.0,0.0
G0706,19,0.0,0.0
G0706,20,0.0,0.0
G0706,21,28.28076701354803,0.0
G0706,22,181.0,0.0
G0706,23,181.0,0.0
G0706,24,0.0,0.0
G0709,1,133.0,0.0
G0709,2,133.0,0.0
G0709,3,0.0,0.0
G0709,4,0.0,0.0
G0709,5,0.0,0.0
G0709,6,0.0,0.0
G0709,7,0.0,0.0
G0709,8,0.0,0.0
G0709,9,0.0,0.0
G0709,10,0.0,0.0
G0709,11,0.0,0.0
G0709,12,0.0,0.0
G0709,13,0.0,0.0
G0709,14,0.0,0.0
G0709,15,0.0,0.0
G0709,16,0.0,0.0
G0709,17,0.0,0.0
G0709,18,0.0,0.0
G0709,19,0.0,0.0
G0709,20,0.0,0.0
G0709,21,0.0,0.0
G0709,22,0.0,0.0
G0709,23,133.0,0.0
G0709,24,133.0,0.0
G0741,1,410.0,0.0
G0741,2,410.0,0.0
G0741,3,0.0,0.0
G0741,4,0.0,0.0
G0741,5,0.0,0.0
G0741,6,0.0,0.0
G0741,7,0.0,0.0
G0741,8,0.0,0.0
G0741,9,0.0,0.0
G0741,10,0.0,0.0
G0741,11,0.0,0.0
G0741,12,0.0,0.0
G0741,13,0.0,0.0
G0741,14,0.0,0.0
G0741,15,0.0,0.0
G0741,16,0.0,0.0
G0741,17,0.0,0.0
G0741,18,0.0,0.0
G0741,19,0.0,0.0
G0741,20,0.0,0.0
G0741,21,0.0,0.0
G0741,22,103.6294038175547,0.0
G0741,23,0.0,0.0
G0741,24,0.0,0.0
G0743,1,123.0,0.0
G0743,2,123.0,0.0
G0743,3,0.0,0.0
G0743,4,123.0,0.0
G0743,5,0.0,0.0
G0743,6,0.0,0.0
G0743,7,0.0,0.0
G0743,8,0.0,0.0
G0743,9,0.0,0.0
G0743,10,0.0,0.0
G0743,11,0.0,0.0
G0743,12,0.0,0.0
G0743,13,0.0,0.0
G0743,14,0.0,0.0
G0743,15,0.0,0.0
G0743,16,0.0,0.0
G0743,17,0.0,0.0
G0743,18,0.0,0.0
G0743,19,0.0,0.0
G0743,20,0.0,0.0
G0743,21,0.0,0.0
G0743,22,0.0,0.0
G0743,23,0.0,0.0
G0743,24,123.0,0.0
G0912,1,127.0,0.0
G0912,2,127.0,0.0
G0912,3,0.0,0.0
G0912,4,0.0,0.0
G0912,5,0.0,0.0
G0912,6,0.0,0.0
G0912,7,0.0,0.0
G0912,8,0.0,0.0
G0912,9,0.0,0.0
G0912,10,0.0,0.0
G0912,11,0.0,0.0
G0912,12,0.0,0.0
G0912,13,0.0,0.0
G0912,14,0.0,0.0
G0912,15,0.0,0.0
G0912,16,0.0,0.0
G0912,17,0.0,0.0
G0912,18,0.0,0.0
G0912,19,0.0,0.0
G0912,20,0.0,0.0
G0912,21,0.0,0.0
G0912,22,127.0,0.0
G0912,23,0.0,0.0
G0912,24,127.0,0.0
